GISData/inundation/flow2.asc
ncols		275
nrows		200
xllcorner	123.97
yllcorner	45.9581
cellsize	0.01745329251
NODATA_value	-9.99999979021477e+33
[rows 46 to 68 of 200, columns 102 to 152 of 275]
11.2889680862427 11.2991333007812 11.3396034240723 11.3800735473633 11.4104385375977 11.4508962631226 11.4913454055786 11.5317897796631 11.7540349960327 12.7236814498901 13.6933307647705 13.329779624939 12.8248357772827 12.3602905273438 12.7037467956543 13.0471973419189 13.3906469345093 13.7239942550659 14.067440032959 14.3805818557739 14.3503227233887 14.3402585983276 14.3301954269409 14.3201274871826 14.2999610900879 14.2898941040039 14.2798309326172 14.2394704818726 14.1789121627808 14.1082572937012 14.0477027893066 13.9871463775635 13.9164915084839 13.8559322357178 13.7751731872559 13.8762102127075 14.0176448822021 14.1489763259888 14.2904014587402 14.421724319458 14.4823427200317 14.3813619613647 14.2803821563721 14.179404258728 14.0784301757812 13.9774570465088 13.8764839172363 13.8563117980957 13.9068355560303 13.9674577713013 14.0280771255493
11.2485828399658 11.2486476898193 11.2588167190552 11.2891874313354 11.3296527862549 11.3701114654541 11.4105615615845 11.4409065246582 11.7439527511597 12.6934013366699 13.6630506515503 13.1076002120972 12.5824575424194 12.1583127975464 12.5017709732056 12.8452215194702 13.1886730194092 13.491720199585 13.7644653320312 14.0271081924438 14.0776491165161 14.1281843185425 14.1686210632324 14.2191524505615 14.2696866989136 14.3101196289062 14.3606586456299 14.3303985595703 14.2294416427612 14.1385869979858 14.037633895874 13.9467782974243 13.8458232879639 13.7549638748169 13.6540060043335 13.7449436187744 13.8560771942139 13.9773073196411 14.0985326766968 14.2197542190552 14.2702741622925 14.1692934036255 14.0784139633179 13.9774379730225 13.8865633010864 13.8360910415649 13.7856178283691 13.8058443069458 13.8563671112061 13.8967895507812 13.9473085403442
11.2486000061035 11.2486629486084 11.2487316131592 11.2488031387329 11.2488679885864 11.28932762146 11.3297777175903 11.3601245880127 11.7338714599609 12.6732206344604 13.5721702575684 12.9763212203979 12.3905792236328 11.9563360214233 12.269495010376 12.5422458648682 12.8048982620239 13.0776443481445 13.3503913879395 13.6130323410034 13.6635732650757 13.7141075134277 13.7646436691284 13.8151769638062 13.9162130355835 14.0172462463379 14.1182861328125 14.098126411438 14.0274724960327 13.9467182159424 13.8659658432007 13.7953090667725 13.7145547866821 13.6236953735352 13.5328378677368 13.6035747528076 13.7248086929321 13.8359384536743 13.9470643997192 14.0581855773926 14.1289043426514 14.0380258560181 13.9774465560913 13.9269704818726 13.8764963150024 13.8361253738403 13.7856521606445 13.8159780502319 13.8563995361328 13.8968210220337 13.947340965271
11.1981182098389 11.2183818817139 11.2386493682861 11.2488193511963 11.2488842010498 11.2489433288574 11.2489948272705 11.2793426513672 11.7338905334473 12.663140296936 13.4408922195435 12.8551445007324 12.3098020553589 11.8856592178345 12.0978183746338 12.3099708557129 12.522123336792 12.7342700958252 12.9464159011841 13.1989574432373 13.2898969650269 13.3909330368042 13.4919691085815 13.5930013656616 13.6940393447876 13.7950735092163 13.8961153030396 13.8658571243286 13.7851037979126 13.714448928833 13.6336975097656 13.5933418273926 13.5529870986938 13.5227279663086 13.4823694229126 13.5632066726685 13.6642408370972 13.7753705978394 13.88649559021 13.9875173568726 14.0683374404907 14.0178575515747 13.9774799346924 13.9270048141479 13.8765306472778 13.8361597061157 13.7856855392456 13.816011428833 13.8564319610596 13.8968534469604 13.9473724365234
11.0668382644653 11.0871019363403 11.1073684692383 11.1276378631592 11.1378021240234 11.1580610275269 11.1884117126465 11.2288608551025 11.6531105041504 12.5621614456177 13.2894134521484 12.8551683425903 12.3098268508911 11.885684967041 12.0978450775146 12.3099975585938 12.5221500396729 12.7342958450317 12.9363412857056 13.1484813690186 13.2394218444824 13.3303565979004 13.4111938476562 13.5021276473999 13.5829658508301 13.6638031005859 13.7143459320068 13.7143888473511 13.6942367553711 13.6639833450317 13.6337299346924 13.5933742523193 13.5530195236206 13.5126600265503 13.4824018478394 13.5632381439209 13.6743726730347 13.7754030227661 13.8865270614624 13.9875497817993 14.0683698654175 14.0178909301758 13.9775133132935 13.9270391464233 13.8765659332275 13.8260946273804 13.7554197311401 13.8160448074341 13.8564653396606 13.8968858718872 13.9474058151245
10.9456605911255 10.986123085022 11.0265893936157 11.0670566558838 11.1075201034546 11.1479787826538 11.1884298324585 11.2288789749146 11.6026287078857 12.3904809951782 13.0874347686768 12.6935911178589 12.2896509170532 11.8857107162476 12.0978708267212 12.3100242614746 12.5120754241943 12.7141208648682 12.9262657165527 13.1283044815063 13.2394456863403 13.3202810287476 13.4112186431885 13.4617528915405 13.5021934509277 13.5325317382812 13.57297706604 13.5629215240479 13.5528688430786 13.5327167510986 13.5125637054443 13.4924068450928 13.4823522567749 13.4621906280518 13.4521331787109 13.5026693344116 13.6138038635254 13.7350339889526 13.8461589813232 13.967381477356 14.0381021499634 13.9371242523193 13.8361463546753 13.7250738143921 13.6544008255005 13.6241292953491 13.6039543151855 13.6746788024902 13.7655982971191 13.8565196990967 13.9474411010742
10.6426830291748 10.7841463088989 10.925612449646 11.0670785903931 11.1075401306152 11.1479988098145 11.1884489059448 11.2288980484009 11.6026468276978 12.299599647522 12.8854551315308 12.4916114807129 12.0371732711792 11.6938343048096 11.9362964630127 12.1787490844727 12.421199798584 12.6636447906494 12.9060888290405 13.1182270050049 13.2091665267944 13.2496023178101 13.2799425125122 13.3102779388428 13.3406200408936 13.3709602355957 13.4013080596924 13.4316530227661 13.4216022491455 13.4115495681763 13.401496887207 13.3813381195068 13.3712825775146 13.3612222671509 13.3511629104614 13.3814992904663 13.4118347167969 13.4522647857666 13.5128908157349 13.6240139007568 13.7048358917236 13.6038589477539 13.5432825088501 13.5231103897095 13.5029373168945 13.4726657867432 13.4524898529053 13.52321434021 13.6141328811646 13.7050552368164 13.7959756851196
10.3700037002563 10.491268157959 10.6226329803467 10.7641000747681 10.9055624008179 11.0571203231812 11.1884698867798 11.2289180755615 11.6026659011841 12.2693185806274 12.663272857666 12.0876321792603 11.60289478302 11.3100576400757 11.5525197982788 11.7949733734131 12.0576248168945 12.3808689117432 12.7142114639282 13.0374488830566 13.1384887695312 13.0981245040894 13.047664642334 13.0174026489258 13.0477476119995 13.078088760376 13.1084394454956 13.138786315918 13.1792364120483 13.2095823287964 13.2500295639038 13.2803707122803 13.2703151702881 13.2501525878906 13.2501935958862 13.2805309295654 13.3209657669067 13.3512964248657 13.3816223144531 13.4119482040405 13.4321699142456 13.411994934082 13.3918199539185 13.3716478347778 13.3514747619629 13.3212041854858 13.3010263442993 13.3717498779297 13.4626684188843 13.5535907745361 13.6748123168945
10.3700265884399 10.4912900924683 10.6024551391602 10.7237205505371 10.8348827362061 10.9561395645142 11.0369892120361 11.1178369522095 11.4511852264404 12.0572376251221 12.4814929962158 11.895751953125 11.3100166320801 11.0474815368652 11.3606443405151 11.6838979721069 12.0071487426758 12.3303909301758 12.6536350250244 12.9768714904785 13.1486110687256 13.0981464385986 13.0577878952026 13.0073280334473 12.9669742584229 12.9165172576904 12.8660688400269 12.8358173370361 12.8762683868408 12.9066152572632 12.9369621276855 12.9774017333984 13.0077447891235 13.0481824874878 13.088623046875 13.1391611099243 13.1795969009399 13.2099285125732 13.2301568984985 13.2604818344116 13.2807064056396 13.2605314254761 13.2403583526611 13.2201871871948 13.2000150680542 13.1697425842285 13.149564743042 13.270788192749 13.4122066497803 13.5435276031494 13.6748504638672
10.3498487472534 10.4307117462158 10.5115756988525 10.5924415588379 10.6834020614624 10.7642583847046 10.8451080322266 10.9259557723999 11.2795038223267 11.8552551269531 12.2997121810913 11.7341718673706 11.259539604187 11.0475053787231 11.3707685470581 11.6839218139648 11.9970712661743 12.3203134536743 12.6334552764893 12.9465932846069 13.1082324981689 13.1082696914673 13.0578126907349 13.0073547363281 12.9670028686523 12.9165487289429 12.8661012649536 12.7853488922119 12.7046003341675 12.6238460540771 12.6036920547485 12.6441307067871 12.6744728088379 12.7149105072021 12.7553520202637 12.8058910369873 12.866527557373 12.9170608520508 12.9776906967163 13.0282182693481 13.1292428970337 13.1090707778931 13.0888967514038 13.0687274932861 13.0485544204712 13.0283823013306 12.9981031417847 13.1193246841431 13.2708435058594 13.4223651885986 13.5637893676758
10.1983709335327 10.2691335678101 10.3398971557617 10.4207620620728 10.4915218353271 10.5723781585693 10.653226852417 10.734073638916 11.1078214645386 11.6835746765137 12.19873046875 11.7240934371948 11.2494602203369 11.0576276779175 11.3707914352417 11.6940450668335 11.9970932006836 12.219334602356 12.4314756393433 12.6537132263184 12.8557529449463 12.8557920455933 12.8659372329712 12.8659811019897 12.8660326004028 12.8660802841187 12.8661346435547 12.785382270813 12.7046337127686 12.6238765716553 12.5431213378906 12.4623584747314 12.3816003799438 12.3715372085571 12.4220809936523 12.472620010376 12.5736589431763 12.6847944259644 12.7858247756958 12.896954536438 13.0080804824829 12.9879102706909 12.9475374221802 12.9172677993774 12.8970947265625 12.8769216537476 12.8466424942017 12.9678640365601 13.1193809509277 13.2709035873413 13.4224271774292
10.0468902587891 10.1277542114258 10.1985168457031 10.2793807983398 10.3501396179199 10.4309959411621 10.501745223999 10.582592010498 11.0573396682739 11.7138919830322 12.1785497665405 11.7140130996704 11.2393817901611 11.047550201416 11.2597141265869 11.4819669723511 11.7042150497437 11.9264554977417 12.1486959457397 12.3709325790405 12.5931739807129 12.61341381073 12.6639623641968 12.7145099639893 12.765064239502 12.8156137466431 12.856068611145 12.7753171920776 12.6945676803589 12.623908996582 12.5431518554688 12.4623870849609 12.381628036499 12.3008651733398 12.3110094070435 12.4019498825073 12.4928894042969 12.5838260650635 12.6747589111328 12.7656908035278 12.8768186569214 12.8566493988037 12.8263778686523 12.7860088348389 12.7557353973389 12.7254629135132 12.7052812576294 12.8265018463135 12.9679183959961 12.9881420135498 13.0083656311035
9.77420902252197 9.90557289123535 10.0369358062744 10.1682987213135 10.2491569519043 10.3199129104614 10.4007616043091 10.4715089797974 10.9866571426392 11.73410987854 12.1684675216675 11.6736316680908 11.1081008911133 10.8152713775635 11.0375366210938 11.2597894668579 11.4719371795654 11.6941757202148 11.9265174865723 12.1689538955688 12.4214973449707 12.5326385498047 12.6033897399902 12.6842384338379 12.7549953460693 12.8257455825806 12.8561019897461 12.7753496170044 12.6946001052856 12.6138391494751 12.5330810546875 12.4523153305054 12.3715562820435 12.2806930541992 12.3211374282837 12.4120788574219 12.5030212402344 12.5939598083496 12.6848936080933 12.7657270431519 12.8566560745239 12.8263883590698 12.775918006897 12.7254505157471 12.6749753952026 12.6245021820068 12.5639209747314 12.6245403289795 12.6750564575195 12.7255802154541 12.776104927063
9.49142551422119 9.62278842926025 9.754150390625 9.89561367034912 10.0269727706909 10.1583290100098 10.2896785736084 10.3705263137817 10.9159755706787 11.6836290359497 12.1482858657837 11.4716510772705 10.8960208892822 10.593092918396 10.8153581619263 11.0376119613647 11.2800598144531 11.5325984954834 11.785138130188 12.0275754928589 12.2801198959351 12.4013643264771 12.4822177886963 12.5529680252075 12.6237268447876 12.6944780349731 12.7450351715088 12.6844825744629 12.6239318847656 12.5633707046509 12.5028114318848 12.4321441650391 12.3513851165771 12.2706212997437 12.3312654495239 12.4222087860107 12.5131511688232 12.5939912796021 12.6849269866943 12.7657613754272 12.8566923141479 12.8264255523682 12.7759571075439 12.7052888870239 12.634614944458 12.5639410018921 12.4831590652466 12.5639791488647 12.6750946044922 12.7862186431885 12.8973445892334
9.46113967895508 9.58240222930908 9.70366382598877 9.82492637634277 9.94618606567383 10.0674428939819 10.1886940002441 10.309944152832 11.0068941116333 11.835147857666 12.2695055007935 11.5625696182251 10.8455410003662 10.3911142349243 10.6436805725098 10.8962354660034 11.1487827301025 11.3912220001221 11.643762588501 11.8963003158569 12.1185445785522 12.2397899627686 12.3206443786621 12.4115972518921 12.4823589324951 12.5531101226807 12.5834674835205 12.5229139328003 12.4724626541138 12.4119005203247 12.3513422012329 12.3008737564087 12.2403135299683 12.1898508071899 12.2605953216553 12.341438293457 12.4323825836182 12.523323059082 12.6142587661743 12.7051944732666 12.7961263656616 12.7759628295898 12.7052927017212 12.6346263885498 12.5538520812988 12.4831781387329 12.4124946594238 12.4832153320312 12.5943307876587 12.705454826355 12.8165817260742
9.46115398406982 9.5824146270752 9.70367622375488 9.83503723144531 9.956298828125 10.0775575637817 10.2089099884033 10.3301610946655 11.1079130172729 11.9563674926758 12.3200254440308 11.5120906829834 10.6940622329712 10.2699365615845 10.5225038528442 10.7649583816528 11.0175065994263 11.2195453643799 11.4114847183228 11.6034231185913 11.7953701019287 11.9368171691895 12.017674446106 12.0985298156738 12.2298917770386 12.4824438095093 12.6239004135132 12.4825458526611 12.341194152832 12.2806310653687 12.2301721572876 12.1696033477783 12.1191444396973 12.0585813522339 12.1394271850586 12.220269203186 12.3011131286621 12.3819532394409 12.4627895355225 12.5537261962891 12.6446590423584 12.6345958709717 12.5841274261475 12.5235624313354 12.4730882644653 12.4024143218994 12.331729888916 12.4024505615234 12.5135660171509 12.6246910095215 12.6954183578491
9.32986831665039 9.4814281463623 9.62288761138916 9.77444839477539 9.9159107208252 10.0674695968628 10.2089242935181 10.3705778121948 11.0372304916382 11.6735868453979 12.0069465637207 11.2596130371094 10.5122842788696 10.1285600662231 10.3205270767212 10.5124826431274 10.7044315338135 10.8963689804077 11.0883111953735 11.2802495956421 11.4721984863281 11.6237478256226 11.8763074874878 12.1288633346558 12.3814268112183 12.6339778900146 12.7451343536377 12.603777885437 12.4624252319336 12.3210611343384 12.1797027587891 12.0484352111816 11.9878759384155 11.9374141693115 12.0182590484619 12.0991010665894 12.1799440383911 12.2708835601807 12.3517208099365 12.422456741333 12.5032901763916 12.5033273696899 12.4427604675293 12.3922958374023 12.3418216705322 12.2913475036621 12.220664024353 12.2610836029053 12.3217000961304 12.3924264907837 12.4530544281006
9.16828060150146 9.31983757019043 9.44109535217285 9.56235694885254 9.69371891021729 9.81498146057129 9.93623828887939 10.138295173645 10.7443494796753 11.3504076004028 11.7342691421509 11.0677366256714 10.4012098312378 10.1184854507446 10.310453414917 10.5024089813232 10.6842575073242 10.8761968612671 11.0580377578735 11.2398777008057 11.4116268157959 11.6136779785156 11.8763389587402 12.1490964889526 12.4117584228516 12.4825096130371 12.411865234375 12.2907085418701 12.1695575714111 12.0483932495117 11.9272356033325 11.8060674667358 11.796010017395 11.8263463973999 11.8970918655396 11.9779329299927 12.0587749481201 12.1396141052246 12.2204494476318 12.3012857437134 12.382119178772 12.3720579147339 12.321590423584 12.2711277008057 12.190354347229 12.1196804046631 12.0388965606689 12.0692167282104 12.1298341751099 12.2005615234375 12.261191368103
9.13799381256104 9.22894859313965 9.31990528106689 9.41086578369141 9.49172878265381 9.58269309997559 9.6736536026001 9.91611480712891 10.5625715255737 11.2191314697266 11.6534929275513 11.0172605514526 10.3709354400635 10.1286115646362 10.3205804824829 10.5024366378784 10.6741857528687 10.8560237884521 11.0378665924072 11.2096071243286 11.3914585113525 11.5733089447021 11.815770149231 11.765326499939 11.7249898910522 11.6846408843994 11.6139974594116 11.5938415527344 11.6039896011353 11.6242256164551 11.6444692611694 11.6647024154663 11.6748456954956 11.7051820755005 11.7860269546509 11.8567657470703 11.9376077651978 12.0184440612793 12.0891780853271 12.1700134277344 12.250846862793 12.2407855987549 12.1600198745728 12.0893583297729 12.0085849761963 11.9278125762939 11.8571290969849 11.887451171875 11.9480686187744 12.0086984634399 12.0794286727905
9.13800811767578 9.22896099090576 9.31991481781006 9.39067459106445 9.41093826293945 9.4312047958374 9.45146942138672 9.69393348693848 10.4413938522339 11.1181545257568 11.5626173019409 10.9263868331909 10.2901620864868 10.0579376220703 10.2297067642212 10.411563873291 10.5934133529663 10.7651529312134 10.9469957351685 11.1288385391235 11.3712911605835 11.6238441467285 11.7350072860718 11.7956647872925 11.8159275054932 11.8361768722534 11.8261318206787 11.7857723236084 11.7353210449219 11.6848583221436 11.6344032287598 11.5839376449585 11.5637817382812 11.5840196609497 11.6648645401001 11.8265027999878 11.9881410598755 12.159875869751 12.3215084075928 12.4831438064575 12.6548757553101 12.5438146591187 12.3014488220215 12.0691862106323 11.8369150161743 11.7460441589355 11.6652612686157 11.6955852508545 11.7663049697876 11.857234954834 11.9380674362183
9.10772228240967 9.10777282714844 9.11792659759521 9.13818550109863 9.14834976196289 9.16861915588379 9.18888664245605 9.4515552520752 10.1990175247192 10.9565811157227 11.4717454910278 10.8254137039185 10.1891889572144 9.92666530609131 10.0984354019165 10.2802925109863 10.4924421310425 10.7348823547363 10.9773263931274 11.2197694778442 11.4622240066528 11.7046785354614 11.8360433578491 11.9472007751465 12.0583648681641 12.1695117950439 12.1695671081543 12.1191062927246 12.0080556869507 11.8969926834106 11.7758378982544 11.66477394104 11.5537204742432 11.4931573867798 11.7154016494751 11.9477386474609 12.1800756454468 12.4124069213867 12.644739151001 12.8669719696045 13.0690040588379 12.9478435516357 12.6751766204834 12.3924160003662 12.119743347168 11.8369741439819 11.5642919540405 11.5138187408447 11.5340394973755 11.5744724273682 11.645206451416
8.97643852233887 8.98658847808838 8.99673938751221 9.00689792633057 9.01706314086914 9.02723407745361 9.03740406036377 9.33037567138672 10.077841758728 10.8354072570801 11.3404722213745 10.7042417526245 10.0680170059204 9.80549335479736 10.0580635070801 10.3005199432373 10.5530710220337 10.7955121994019 11.048056602478 11.3006000518799 11.5430555343628 11.7956113815308 11.8764762878418 11.9068336486816 11.9371976852417 11.9675445556641 11.9474000930786 11.8868398666382 11.8161888122559 11.7556257247925 11.6647729873657 11.5436086654663 11.4325551986694 11.361891746521 11.5942363739014 11.8265714645386 12.0084056854248 12.1094350814819 12.2003650665283 12.2912979125977 12.3923301696777 12.3620700836182 12.3015060424805 12.24094581604 11.9884738922119 11.7158060073853 11.4431257247925 11.4027528762817 11.4229764938354 11.443211555481 11.4735469818115
8.85525512695312 8.86540508270264 8.87555503845215 8.88571262359619 8.89587879180908 8.90605163574219 8.91622447967529 9.25969886779785 10.0071668624878 10.7546339035034 11.1990985870361 10.5426683425903 9.79534244537354 9.58332061767578 9.82579040527344 10.07834815979 10.3207988739014 10.5733394622803 10.7955856323242 10.9976301193237 11.2097873687744 11.41184425354 11.5028114318848 11.5331687927246 11.5736322402954 11.6039781570435 11.5838346481323 11.5232725143433 11.4526224136353 11.4122581481934 11.3719062805176 11.3315420150757 11.2911891937256 11.2609262466431 11.3417692184448 11.4226036071777 11.5135374069214 11.5943660736084 11.6751937866211 11.7560262680054 11.7964572906494 11.7156972885132 11.6349334716797 11.5642747879028 11.4936056137085 11.4229393005371 11.3118600845337 11.291690826416 11.301815032959 11.3220520019531 11.3422880172729
