GISData/inundation/flow2.asc
ncols		275
nrows		200
xllcorner	123.97
yllcorner	45.9581
cellsize	0.01745329251
NODATA_value	-9.99999979021477e+33
[rows 138 to 160 of 200, columns 51 to 101 of 275]
NA NA NA NA NA -1.39204812049866 -1.16986107826233 -1.03855562210083 -1.27086043357849 -1.3617537021637 -0.98805046081543 -1.28095316886902 -0.765842378139496 -1.04865777492523 -1.11934173107147 -1.09916293621063 -1.53343760967255 -2.31117415428162 -1.06886732578278 -1.71526706218719 NA -1.23047006130219 -0.281074106693268 -0.159872591495514 -0.240671381354332 -0.180059492588043 -0.371964931488037 -0.432567089796066 -0.553763210773468 -0.513383209705353 -0.0992423295974731 -0.068993516266346 -1.52333009243011 -2.26077961921692 -1.76574170589447 NA NA NA -2.36052894592285 NA -2.2702739238739 -2.27032613754272 -2.26054453849792 -2.25043225288391 NA NA NA NA -2.06918525695801 NA NA
NA NA NA NA NA -1.28094041347504 NA -1.341557264328 -1.13955688476562 -1.01836025714874 -1.62435066699982 -1.14966106414795 -1.05874216556549 -0.988061368465424 -1.26074314117432 -2.11927604675293 -1.02846479415894 -2.17987251281738 -1.66476559638977 NA -1.77586472034454 -2.07885122299194 NA -0.270956963300705 -0.493158847093582 -0.139641210436821 -0.028546242043376 -0.371940702199936 -0.331544548273087 -0.0184440948069096 -0.371939271688461 -0.0386385656893253 -0.29118612408638 -2.15968108177185 -1.51253771781921 -2.32117938995361 -1.99748170375824 NA NA -2.38118934631348 -2.2703685760498 -2.27030873298645 -2.27062010765076 -2.27073216438293 -2.20021605491638 -2.17003750801086 -2.14969372749329 -2.27109265327454 -2.06916785240173 -2.06915259361267 NA
NA NA NA NA NA NA -2.31114959716797 -0.654756844043732 -0.927457213401794 -1.07895135879517 -1.25065088272095 -1.12944567203522 -1.19004261493683 -1.25064635276794 -1.52334475517273 NA NA NA NA NA NA NA NA NA -0.220477610826492 -0.0386625863611698 -0.159865751862526 -0.250758528709412 -0.38205486536026 -0.37197157740593 -0.311347812414169 -0.0285964459180832 -0.270962566137314 -1.88698959350586 -2.10915780067444 -2.28099489212036 NA NA NA -1.8256927728653 -2.36100387573242 NA -2.27115511894226 -2.27084517478943 -2.27095341682434 -2.18011450767517 NA -1.96815824508667 -2.06918358802795 -2.06917285919189 -2.06921648979187
NA NA NA NA NA NA -1.91724801063538 -0.816356480121613 -0.85674649477005 -1.11935615539551 -1.41223561763763 -1.08905601501465 -1.2203277349472 -1.59405922889709 -2.06873679161072 NA NA NA NA NA NA NA NA NA NA 0.00173158315010369 -0.0386624597012997 -0.0386537909507751 -0.200255140662193 0.011841643601656 -0.311357915401459 -0.513371467590332 -0.0992626845836639 -0.0386507958173752 -1.43247151374817 -2.16979765892029 -2.2707245349884 NA -1.62484169006348 NA NA -1.86642289161682 -2.05836820602417 NA -2.26082539558411 -2.17006754875183 -1.82667028903961 -2.01858282089233 NA -2.06917214393616 -1.99851047992706
NA NA NA NA NA NA NA -0.876957774162292 -1.02845942974091 -1.14964771270752 -1.09915435314178 -1.22033333778381 -1.57385337352753 -1.80613791942596 NA NA NA NA NA NA NA NA NA NA -1.77585673332214 -2.11925101280212 -0.361874490976334 -0.493166208267212 -0.281062811613083 -0.361874312162399 -0.129558265209198 -0.0184813737869263 -0.270943850278854 -0.483089298009872 -1.52331793308258 -1.77602338790894 -1.51314187049866 NA NA NA NA NA NA -2.30120134353638 -2.02849578857422 NA -2.26100516319275 -2.01864957809448 -2.16005659103394 -2.06918621063232 -2.06924033164978
NA NA NA NA NA NA NA NA -1.10923600196838 -1.28094804286957 -1.76571428775787 -1.46275591850281 -1.90709376335144 -2.17987751960754 NA NA NA NA NA NA NA NA NA NA NA NA -0.0285669825971127 -0.250758409500122 -0.402261704206467 -0.301265001296997 -0.493163079023361 -0.0386730879545212 -0.190163925290108 -0.402269065380096 -0.038623284548521 -0.725562036037445 -1.79597866535187 NA NA NA NA NA NA -1.96791172027588 -2.20020318031311 NA NA -2.12971830368042 -2.17015218734741 -2.13987112045288 -2.06922554969788
NA NA NA NA NA NA NA NA -2.03845572471619 -1.36174273490906 -1.71525037288666 -1.69501566886902 -1.74557852745056 -2.26057195663452 NA NA NA NA NA NA NA NA NA NA NA -1.96775603294373 -0.0386647880077362 -0.604261457920074 -0.42246213555336 -0.422470718622208 -0.543658137321472 -0.240679055452347 -0.0386520065367222 -0.281083077192307 -0.493123710155487 -0.361912816762924 -1.614213347435 -1.3617262840271 NA -1.71531522274017 -2.27084803581238 -1.44272494316101 -1.4527633190155 -1.98811209201813 NA -2.07905125617981 -2.28104758262634 NA -2.07926392555237 -2.16008448600769 -2.06925940513611
NA NA NA NA NA NA NA NA NA -1.55363881587982 -1.60410523414612 -2.03845715522766 -2.24036049842834 -2.14920353889465 NA NA NA NA NA NA NA NA NA NA NA -2.10914635658264 -0.725463092327118 -0.169960707426071 -0.0386685654520988 -0.371968358755112 -0.503267109394073 -0.0992753356695175 -0.0386610440909863 -0.573996663093567 -0.230536997318268 -0.0387155450880527 -2.30107593536377 -2.06938409805298 -2.0788996219635 -2.24105453491211 -2.1800708770752 -1.71547675132751 -1.57414209842682 -1.76593255996704 -1.54384016990662 -2.15986824035645 NA NA -2.17015814781189 -2.17017364501953 -2.06922721862793
NA NA NA NA NA NA NA NA NA NA -2.27074265480042 NA -2.19948863983154 -2.28015685081482 NA NA NA NA NA NA NA NA NA NA NA -1.68495106697083 NA -1.99805378913879 -0.240659803152084 -0.513371169567108 -0.604255497455597 -0.341678828001022 -0.0285550802946091 -0.493199497461319 -0.230555787682533 -0.0387252569198608 -1.04869258403778 -2.0688591003418 -2.06885170936584 -2.06891965866089 -2.09922170639038 -1.73562216758728 -2.07908725738525 -1.695232629776 -1.46300041675568 -2.06895208358765 NA NA -2.17016768455505 -2.24085378646851 -2.15007472038269
NA NA NA NA NA NA NA NA NA NA NA -2.46123957633972 -1.91582369804382 -2.15849542617798 NA NA NA NA NA NA NA NA NA NA NA NA -2.05865740776062 -2.03845620155334 -1.53347182273865 -1.65466821193695 -1.53348433971405 -0.432590425014496 -0.0184842143207788 -0.0387321971356869 -0.4123774766922 -0.0589651502668858 -0.49320524930954 -0.0488388538360596 -0.917383432388306 -1.2608368396759 -2.30112719535828 NA -1.50329089164734 -2.12955379486084 -1.90747582912445 -0.857037961483002 -0.665147721767426 NA -2.1802384853363 -2.05902504920959 -1.57430171966553
NA NA NA NA NA NA NA NA NA NA NA NA -2.22048163414001 NA NA NA NA NA NA NA NA NA NA NA NA NA -1.92735743522644 NA -2.09904789924622 NA -2.29094195365906 -1.68498086929321 -1.1294322013855 -2.31121945381165 -0.43260470032692 -0.432651400566101 -0.51338928937912 -0.462895572185516 -0.957812964916229 -0.493240922689438 -0.260933458805084 -1.41250669956207 1.1225563287735 0.920615434646606 0.809481024742126 0.900455236434937 1.0519163608551 -1.25090312957764 -1.92776501178741 -1.7560122013092 -2.13996410369873
NA NA NA NA NA NA NA NA NA NA NA -1.83602809906006 -3.38132786750793 NA NA NA NA NA NA NA NA NA NA NA NA NA -1.8768562078476 -1.94754862785339 -2.30105400085449 NA -1.38195490837097 -0.998156309127808 -1.9172545671463 -0.977944612503052 NA -0.301367044448853 -0.00845938548445702 -0.260982185602188 -0.311477363109589 -0.0792285725474358 1.09238088130951 1.12264490127563 1.29431462287903 0.718622863292694 0.71857750415802 1.18321979045868 0.819594383239746 0.738827168941498 -0.836814999580383 -1.92766308784485 -2.06922364234924
NA NA NA NA NA NA NA NA NA NA NA NA NA NA NA NA NA NA NA NA NA NA NA NA NA NA -1.77585864067078 -2.24045658111572 -2.26063942909241 NA -1.69505727291107 -1.19007897377014 -1.51323711872101 -1.51328253746033 -2.00814151763916 -1.14973390102386 1.14299738407135 0.213767141103745 0.254190802574158 0.839984238147736 0.819836795330048 -0.503364503383636 -1.07902216911316 -1.98819363117218 -1.37223017215729 -1.27115726470947 -1.19046020507812 1.1124255657196 0.789143264293671 -1.61466121673584 -0.928064405918121
NA NA NA NA NA NA NA NA NA NA NA -3.99053835868835 NA NA NA NA NA NA NA NA NA NA NA NA NA NA -1.88694965839386 -2.26065325737 NA NA -2.14954447746277 -1.79605865478516 -1.69504451751709 -1.58395445346832 NA NA NA NA 0.77935391664505 -0.372042387723923 NA NA -2.0993378162384 -1.84680664539337 -1.64485275745392 -1.43276762962341 -0.776300489902496 -0.0794279426336288 1.16281306743622 0.748743832111359 1.05170655250549
NA NA NA NA NA NA NA NA NA NA NA NA NA NA NA NA NA NA NA NA NA NA NA NA NA NA -1.93745172023773 NA -2.24046516418457 -2.06876993179321 -1.78595769405365 NA NA NA NA NA NA NA NA NA NA -2.32829880714417 NA -2.11948609352112 NA -2.04884624481201 -1.81665754318237 -0.675304353237152 0.213349744677544 1.45578515529633 1.40516591072083
NA NA NA NA NA NA NA NA NA NA NA NA NA NA NA NA NA NA NA NA NA NA NA NA NA NA NA NA -2.22027540206909 -2.24047541618347 NA NA NA NA NA NA NA NA NA NA NA NA NA -2.28108549118042 NA -2.07915186882019 -2.00845050811768 NA -0.392556816339493 -0.008795365691185 -0.150211811065674
NA NA NA NA NA NA NA NA NA NA NA NA NA NA NA NA NA NA NA NA NA NA NA NA NA NA NA -1.8263521194458 -2.22026443481445 -1.74554574489594 NA NA NA NA NA NA NA NA NA NA NA NA NA NA NA NA -1.74595284461975 NA NA -0.352033466100693 -0.311955064535141
NA NA NA NA NA NA NA NA NA NA NA NA NA NA NA NA NA NA NA NA NA NA NA NA NA NA NA -2.01825547218323 NA NA NA NA NA NA NA NA NA NA NA NA NA NA NA NA NA NA NA NA NA -1.72577440738678 -1.87730860710144
NA NA NA NA NA NA NA NA NA NA NA NA NA NA NA NA NA NA NA NA NA NA NA NA NA NA NA NA NA NA NA NA NA NA NA NA NA NA NA NA NA NA NA NA NA NA NA NA -1.6854784488678 -1.92771458625793 -1.94808769226074
NA NA NA NA NA NA NA NA NA NA NA NA NA NA NA NA NA NA NA NA NA NA NA NA NA NA NA NA NA NA NA NA NA NA NA NA NA NA NA NA NA NA NA NA NA NA NA NA NA -1.80650448799133 -2.06935214996338
NA NA NA NA NA NA NA NA NA NA NA NA NA NA NA NA NA NA NA NA NA NA NA NA NA NA NA NA NA NA NA NA NA NA NA NA NA NA NA NA NA NA NA NA NA NA NA NA NA NA -2.13984370231628
NA NA NA NA NA NA NA NA NA NA NA NA NA NA NA NA NA NA NA NA NA NA NA NA NA NA NA NA NA NA NA NA NA NA NA NA NA NA NA NA NA NA NA NA NA NA NA NA NA NA NA
NA NA NA NA NA NA NA NA NA NA NA NA NA NA NA NA NA NA NA NA NA NA NA NA NA NA NA NA NA NA NA NA NA NA NA NA NA NA NA NA NA NA NA NA NA NA NA NA NA NA -1.93773865699768
