GISData/inundation/flow2.asc
ncols		275
nrows		200
xllcorner	123.97
yllcorner	45.9581
cellsize	0.01745329251
NODATA_value	-9.99999979021477e+33
[rows 23 to 45 of 200, columns 51 to 101 of 275]
13.4788494110107 13.7414608001709 14.0141630172729 13.9939680099487 13.892972946167 13.7919836044312 13.6909980773926 13.5799112319946 13.4991226196289 13.5294303894043 13.5799322128296 13.6304349899292 13.6910438537598 13.7415618896484 13.7920932769775 13.8426361083984 13.8931894302368 13.9336414337158 13.9841909408569 14.0246286392212 14.0650548934937 14.1054716110229 14.15598487854 14.1963996887207 14.246922492981 14.2974548339844 14.347996711731 14.378342628479 14.3783884048462 14.3784275054932 14.378457069397 14.3784780502319 14.378493309021 14.3886108398438 14.4088354110718 14.5199689865112 14.6311120986938 14.7422647476196 14.8534183502197 14.9746723175049 15.0858240127563 14.5808744430542 13.9850244522095 13.9345731735229 14.227518081665 14.5305585861206 14.8234949111938 15.1164264678955 15.4194564819336 15.6416845321655 15.2377147674561
13.8929719924927 13.9232778549194 14.0040769577026 14.0040807723999 13.882884979248 13.7616958618164 13.6304092407227 13.509222984314 13.3779354095459 13.3779430389404 13.4284467697144 13.4789485931396 13.5294561386108 13.5799722671509 13.6608028411865 13.7517442703247 13.8123960494995 13.8730487823486 13.9336986541748 13.9943380355835 14.0549650192261 14.1054821014404 14.1559944152832 14.1964082717896 14.2469291687012 14.297459602356 14.3378992080688 14.3783445358276 14.3783903121948 14.3784294128418 14.3784599304199 14.3582830429077 14.348201751709 14.3381204605103 14.3280458450317 14.418981552124 14.5301246643066 14.6412763595581 14.7524318695068 14.8635854721069 14.9747362136841 14.5707864761353 13.9143371582031 13.8032855987549 14.0962324142456 14.3891725540161 14.682107925415 14.9851388931274 15.2780685424805 15.3891973495483 14.9852275848389
13.8121728897095 13.7919759750366 13.8929777145386 13.8626832962036 13.7414903640747 13.6203022003174 13.4991159439087 13.3880319595337 13.2567453384399 13.2163543701172 13.2971591949463 13.3880624771118 13.4789686203003 13.5698843002319 13.6608123779297 13.7517528533936 13.8225040435791 13.8730554580688 13.9337062835693 13.994345664978 14.0549736022949 14.1054906845093 14.1560029983521 14.1964159011841 14.2469358444214 14.2671632766724 14.2975025177002 14.3076467514038 14.3076915740967 14.2976312637329 14.2875642776489 14.2774887084961 14.2573089599609 14.2472305297852 14.237156867981 14.3179922103882 14.4291362762451 14.5402889251709 14.6514434814453 14.7322978973389 14.7929487228394 14.4798974990845 13.8436479568481 13.6719970703125 13.9649448394775 14.2578859329224 14.5508213043213 14.8437519073486 15.1366815567017 15.167010307312 14.8539409637451
13.4182806015015 13.5697860717773 13.7111873626709 13.6808938980103 13.5597009658813 13.4486150741577 13.327428817749 13.2567462921143 13.2466602325439 13.2769708633423 13.3577756881714 13.4486780166626 13.5395822525024 13.6304960250854 13.7113218307495 13.7618598937988 13.822509765625 13.8730602264404 13.9337110519409 13.9943513870239 14.0549793243408 14.0751972198486 14.0954093933105 14.1156215667725 14.1358394622803 14.1661682128906 14.1864051818848 14.2066488265991 14.1965932846069 14.1865339279175 14.1865682601929 14.1764945983887 14.1664171218872 14.1563396453857 14.1462678909302 14.2271041870117 14.3382482528687 14.3989000320435 14.4595546722412 14.5202083587646 14.5707597732544 14.3688087463379 13.7426586151123 13.6013088226318 13.8942575454712 14.1972990036011 14.490234375 14.7932653427124 15.0861949920654 15.045823097229 14.7529554367065
13.2263708114624 13.3778800964355 13.5293865203857 13.5091943740845 13.3880043029785 13.3779201507568 13.3678369522095 13.3577575683594 13.3476724624634 13.3577833175659 13.4486894607544 13.539589881897 13.6203937530518 13.6608066558838 13.711329460144 13.7618656158447 13.8225135803223 13.8730640411377 13.9337139129639 13.9943552017212 14.0549840927124 14.0752029418945 14.0752153396606 14.0752267837524 14.0752449035645 14.0752725601196 14.0753087997437 14.0955514907837 14.0854959487915 14.0855369567871 14.0754728317261 14.0654010772705 14.0654249191284 14.0553493499756 14.0452785491943 14.0857152938843 14.1362600326538 14.1868114471436 14.2474660873413 14.2980194091797 14.3485698699951 14.2678194046021 13.7628688812256 13.5912189483643 13.8740673065186 14.1569108963013 14.4599475860596 14.7528781890869 15.0559072494507 14.924635887146 14.6317682266235
12.9940757751465 13.1354885101318 13.3071956634521 13.3981065750122 13.4183177947998 13.4486351013184 13.4688529968262 13.4587717056274 13.4486875534058 13.4486980438232 13.5194025039673 13.5699033737183 13.6204051971436 13.6911153793335 13.7517366409302 13.8224716186523 13.8528165817261 13.8730669021606 13.9337167739868 13.9943580627441 14.054988861084 14.0752077102661 14.0752210617065 14.0752334594727 14.0651512145996 14.0348777770996 14.0046129226685 13.9844560623169 13.9744005203247 13.9744424819946 13.9643783569336 13.9543085098267 13.9543342590332 13.9442596435547 13.9341897964478 13.9746284484863 14.0352735519409 14.085823059082 14.1363763809204 14.1869306564331 14.2374801635742 14.2274293899536 13.7628784179688 13.5811290740967 13.8639783859253 14.1468210220337 14.4296579360962 14.7225885391235 15.0155191421509 14.8034467697144 14.4600811004639
12.7819652557373 12.9031810760498 13.0445909500122 13.1658039093018 13.1860179901123 13.2163372039795 13.2365579605103 13.2769794464111 13.3678951263428 13.4689064025879 13.5598115921021 13.660813331604 13.7517147064209 13.842622756958 13.9133434295654 13.9840745925903 14.0144186019897 14.03466796875 14.0549173355103 14.0650587081909 14.0751905441284 14.0449104309082 14.0146245956421 13.9843378067017 13.9540567398071 13.9237823486328 13.8935194015503 13.8632621765137 13.8633069992065 13.8532495498657 13.8532857894897 13.8432159423828 13.8432426452637 13.8331699371338 13.8231019973755 13.8736400604248 13.9241857528687 13.9747352600098 14.0252876281738 14.0758409500122 14.1162900924683 14.1668386459351 13.7022867202759 13.4700374603271 13.7730865478516 14.0761308670044 14.369068145752 14.6721000671387 14.965030670166 14.571159362793 14.1772918701172
12.5698652267456 12.6910820007324 12.8122930526733 12.9234075546265 12.9739246368408 13.0749454498291 13.165867805481 13.2668895721436 13.3578071594238 13.4588174819946 13.5497217178345 13.6507225036621 13.741623878479 13.8325300216675 13.9335489273071 14.0345792770386 14.0750207901001 14.0750684738159 14.0751171112061 13.9943580627441 13.8933906555176 13.8429117202759 13.8227291107178 13.8025426864624 13.7823629379272 13.7621908187866 13.7521276473999 13.7723712921143 13.7724161148071 13.7724580764771 13.7724952697754 13.7725267410278 13.772554397583 13.7725820541382 13.7726144790649 13.8130531311035 13.8534984588623 13.9040479660034 13.9444990158081 13.9849500656128 14.0253982543945 14.0557451248169 13.6618938446045 13.3488445281982 13.651894569397 13.9549388885498 14.2680768966675 14.6216115951538 14.8236427307129 14.44997215271 14.0561056137085
11.8527507781982 11.9537706375122 12.3173856735229 12.7315063476562 12.8527250289917 12.963849067688 13.07497215271 13.1860952377319 13.3073120117188 13.4184217453003 13.5295267105103 13.6305265426636 13.7315273284912 13.8325328826904 13.9234504699707 14.0244789123535 14.0750198364258 14.0043649673462 13.903413772583 13.7923555374146 13.6913890838623 13.6409130096436 13.6207304000854 13.6005487442017 13.6409711837769 13.6814002990723 13.7319393157959 13.7723827362061 13.7724275588989 13.7724704742432 13.7725067138672 13.7725381851196 13.7725658416748 13.7725944519043 13.7726268768311 13.8130664825439 13.8535108566284 13.9040603637695 13.9243097305298 13.9243593215942 13.9244070053101 13.9244527816772 13.5911998748779 13.2377510070801 13.5509004592896 13.9044456481934 14.2579860687256 14.6216220855713 14.6721544265747 14.2984848022461 13.9248199462891
11.1558389663696 11.6204643249512 12.0850849151611 12.5396070480347 12.6507291793823 12.7618541717529 12.88307762146 12.9941997528076 13.0952167510986 13.2063264846802 13.3174314498901 13.4285306930542 13.5396308898926 13.6507368087769 13.7618532180786 13.9537811279297 14.0245199203491 13.9033660888672 13.7721128463745 13.6509552001953 13.5297899246216 13.4894151687622 13.5399360656738 13.5904560089111 13.64098072052 13.6814126968384 13.731951713562 13.7723960876465 13.7724418640137 13.7724838256836 13.7725200653076 13.7725505828857 13.7725782394409 13.7726068496704 13.7726392745972 13.7928771972656 13.7929220199585 13.7929706573486 13.7930202484131 13.7930688858032 13.7931156158447 13.7931604385376 13.5306081771851 13.2579565048218 13.5711069107056 13.8943529129028 14.2579946517944 14.6115312576294 14.5307655334473 14.1570978164673 13.7834339141846
10.9336318969727 11.3982601165771 11.8628816604614 12.3275060653687 12.4487276077271 12.5598545074463 12.6709775924683 12.7820997238159 12.8831157684326 12.9942264556885 13.1053304672241 13.2164306640625 13.347731590271 13.5396375656128 13.7416553497314 13.9436826705933 14.0346212387085 13.8831634521484 13.6408100128174 13.4489526748657 13.3984880447388 13.3985166549683 13.4490404129028 13.5096626281738 13.5601902008057 13.6107234954834 13.6511650085449 13.6815099716187 13.6815557479858 13.6815977096558 13.6816329956055 13.6816635131836 13.6715898513794 13.6211166381836 13.5807485580444 13.5807876586914 13.5808324813843 13.5808811187744 13.5809307098389 13.5910797119141 13.6719264984131 13.7426710128784 13.6417169570923 13.3892650604248 13.6923141479492 14.0054597854614 14.3085031509399 14.6216421127319 14.4196767807007 14.0864105224609 13.7531480789185
10.8528280258179 11.3174571990967 11.7921810150146 12.3073072433472 12.3073301315308 12.3881568908691 12.4891796112061 12.590202331543 12.6912183761597 12.7922277450562 12.8932313919067 13.0548315048218 13.2063322067261 13.3679389953613 13.5194568634033 13.6709842681885 13.7316217422485 13.4892644882202 13.4186105728149 13.3681516647339 13.3176898956299 13.3177194595337 13.3682451248169 13.4187707901001 13.4591999053955 13.4996356964111 13.5299787521362 13.5603246688843 13.5704717636108 13.5705127716064 13.540246963501 13.4897766113281 13.4393014907837 13.3888273239136 13.3484592437744 13.3484973907471 13.3485431671143 13.4293918609619 13.5001411437988 13.5809907913208 13.6618375778198 13.7426815032959 13.6619262695312 13.4195728302002 13.7024221420288 13.9751672744751 14.237811088562 14.4499502182007 14.1974878311157 13.9349241256714 13.6824636459351
10.9336271286011 11.4487552642822 11.9638795852661 12.4083042144775 12.4083280563354 12.3982543945312 12.3982782363892 12.479100227356 12.580114364624 12.6811246871948 12.7821273803711 12.8932285308838 13.0043306350708 13.1154375076294 13.2366571426392 13.3477849960327 13.4185228347778 13.3882656097412 13.3378114700317 13.287353515625 13.236891746521 13.2369232177734 13.2773513793945 13.3076791763306 13.3481111526489 13.3784475326538 13.4188919067383 13.449239730835 13.4189863204956 13.3685264587402 13.3180618286133 13.2675886154175 13.2171125411987 13.1767377853394 13.1868696212769 13.257607460022 13.3384532928467 13.4193029403687 13.5001525878906 13.5709028244019 13.6517477035522 13.7325916290283 13.6821355819702 13.2983818054199 13.5105285644531 13.8438739776611 14.106517791748 14.1772575378418 13.9247970581055 13.6622362136841 13.4198780059814
11.105320930481 11.6204519271851 12.1456785202026 12.5093050003052 12.499228477478 12.4992542266846 12.4992771148682 12.4891977310181 12.4892129898071 12.5700225830078 12.6710271835327 12.7821273803711 12.8932313919067 12.9841403961182 13.0750579833984 13.1659870147705 13.246826171875 13.2165689468384 13.186315536499 13.1762571334839 13.2065944671631 13.2066268920898 13.1864566802979 13.1763868331909 13.2067203521729 13.237060546875 13.267406463623 13.2977542877197 13.2776021957397 13.2271423339844 13.1766757965088 13.1666021347046 13.1666240692139 13.1666479110718 13.18687915802 13.2677173614502 13.3384628295898 13.4193134307861 13.4900646209717 13.5709142684937 13.6517601013184 13.7225027084351 13.6619453430176 13.1771898269653 13.2782363891602 13.6216802597046 13.965124130249 13.914665222168 13.6824064254761 13.4501476287842 13.2178916931152
11.1356239318848 11.6305532455444 12.1355791091919 12.428505897522 12.4184303283691 12.4285554885864 12.4386768341064 12.4487953186035 12.4690103530884 12.4791202545166 12.5094242095947 12.6003265380859 12.6912317276001 12.7720413208008 12.8528614044189 12.9437923431396 13.0246324539185 13.1862764358521 13.2772226333618 13.3075637817383 13.3278007507324 13.3379335403442 13.3076639175415 13.2773952484131 13.2572298049927 13.2269716262817 13.2068185806274 13.1765689849854 13.1665163040161 13.166558265686 13.1665906906128 13.166615486145 13.16663646698 13.1666584014893 13.1868877410889 13.267725944519 13.3283710479736 13.3890228271484 13.4496755599976 13.5103254318237 13.570972442627 13.6316146850586 13.5104570388794 13.0358018875122 13.2176475524902 13.7529907226562 14.2883348464966 14.0661745071411 13.7228155136108 13.3693580627441 13.0159044265747
10.8932123184204 11.3881425857544 11.8931694030762 12.145697593689 12.1457242965698 12.1356496810913 12.1356716156006 12.1356906890869 12.1458053588867 12.1559133529663 12.1963195800781 12.287223815918 12.3882303237915 12.4791431427002 12.5801649093628 12.6609964370728 12.7519388198853 12.9135847091675 13.065131187439 13.2267732620239 13.3783102035522 13.4490432739258 13.3884725570679 13.3279037475586 13.2673397064209 13.2067804336548 13.1462297439575 13.0856800079346 13.0554294586182 13.0655717849731 13.0656042098999 13.0656280517578 13.0858469009399 13.1363677978516 13.1666946411133 13.1667318344116 13.1667785644531 13.1668310165405 13.227484703064 13.278037071228 13.3386840820312 13.3993282318115 13.3084707260132 12.9146156311035 13.2580614089966 14.1368045806885 14.6519460678101 14.2984857559204 13.9450283050537 13.6016702651978 13.1977167129517
10.4791088104248 11.054838180542 11.6305675506592 11.8628959655762 11.8629217147827 11.8528470993042 11.8528680801392 11.8528871536255 11.8529005050659 11.8630104064941 11.8731174468994 11.9640235900879 12.0549325942993 12.1559457778931 12.2468690872192 12.3378019332886 12.4388446807861 12.5802907943726 12.7217388153076 12.8934812545776 13.2369194030762 13.4389514923096 13.3581809997559 13.2673120498657 13.1764478683472 13.1057901382446 13.045238494873 12.9846906661987 12.9544401168823 12.9544830322266 12.9848165512085 13.0353393554688 13.0858583450317 13.1363773345947 13.1667041778564 13.1667394638062 13.1667861938477 13.1668386459351 13.1668930053711 13.1669464111328 13.1669950485229 13.1670398712158 13.1165828704834 12.8641290664673 13.0459747314453 14.1570196151733 14.8741607666016 14.4398984909058 13.9854393005371 13.520881652832 13.0664291381836
10.2266025543213 10.8326349258423 11.4487657546997 11.7113962173462 11.8326234817505 11.9639482498169 12.0245685577393 12.0245866775513 12.0245990753174 12.0246086120605 12.0145168304443 11.9741239547729 11.9337348937988 11.8933506011963 11.8731756210327 11.9641094207764 12.0550527572632 12.1964998245239 12.5298480987549 12.8631916046143 13.2066297531128 13.4490623474121 13.358190536499 13.2774200439453 13.1865549087524 13.0956964492798 13.0048456192017 12.9038982391357 12.8534488677979 12.9039926528931 12.9444255828857 12.9949493408203 13.0353670120239 13.0757856369019 13.0960121154785 13.0859470367432 13.0859937667847 13.0759468078613 13.076003074646 13.076057434082 13.0761079788208 13.0660533905029 13.0256958007812 12.8136415481567 12.823784828186 13.9146327972412 14.4398727416992 14.0561103820801 13.6723508834839 13.288592338562 12.8947401046753
9.93369960784912 10.681131362915 11.2972650527954 11.4790964126587 11.6003255844116 11.7316513061523 11.8629722595215 11.9841899871826 12.1155033111572 12.1963129043579 12.1862211227417 12.1458301544189 12.1054401397705 12.0448570251465 11.9842824935913 11.9136180877686 11.8530607223511 12.0652084350586 12.4086580276489 12.7420015335083 13.0854396820068 13.3480710983276 13.2773990631104 13.1966276168823 13.0956602096558 12.9947004318237 12.8937501907349 12.7928018569946 12.7221546173096 12.7726993560791 12.8333330154419 12.8838577270508 12.9242753982544 12.9646940231323 12.9849195480347 12.9748544692993 12.9648008346558 12.9648561477661 12.95481300354 12.9447708129883 12.9448213577271 12.9347677230835 12.9045104980469 12.6924543380737 12.5712966918945 13.6015434265137 13.91468334198 13.5309219360352 13.1471614837646 12.753303527832 12.4604520797729
9.29740238189697 10.3074359893799 11.297269821167 11.3376998901367 11.4286289215088 11.5599527359009 11.681173324585 11.8124904632568 11.9438047409058 12.0751161575317 12.1559257507324 12.125636100769 12.0852499008179 12.0448684692383 11.9741945266724 11.9136276245117 11.8833703994751 12.0753173828125 12.2773656845093 12.5097103118896 12.8430480957031 13.1157779693604 13.0451049804688 12.9744329452515 12.8936643600464 12.8230028152466 12.7523508071899 12.6716041564941 12.590856552124 12.6414031982422 12.7020387649536 12.7525644302368 12.8030834197998 12.8536024093628 12.8738269805908 12.8637619018555 12.863808631897 12.8638639450073 12.8639230728149 12.8639812469482 12.86403465271 12.8640823364258 12.8338241577148 12.6217670440674 12.42991065979 13.2985553741455 13.3894948959351 13.0663328170776 12.7936725616455 12.5109148025513 12.2281627655029
9.53980541229248 10.5599422454834 11.3982763290405 11.4387063980103 11.479133605957 11.5195550918579 11.5599727630615 11.681191444397 11.8125047683716 11.9337186813354 12.0246305465698 11.9943428039551 11.9539594650269 11.9236793518066 11.8833065032959 11.8530406951904 11.8732824325562 12.07532787323 12.2874746322632 12.4996175765991 12.6915550231934 12.8834848403931 12.8128108978271 12.752236366272 12.6916675567627 12.6311054229736 12.5705509185791 12.5100040435791 12.4494571685791 12.5000047683716 12.560643196106 12.6111698150635 12.6717910766602 12.7425098419189 12.7930355072021 12.8233709335327 12.8537187576294 12.8638744354248 12.8639345169067 12.8639945983887 12.8640489578247 12.8640975952148 12.843939781189 12.6015825271606 12.359224319458 13.0056676864624 13.1976079940796 12.894645690918 12.5916833877563 12.288724899292 11.9857740402222
9.68122386932373 10.8023567199707 11.4992895126343 11.5397186279297 11.5801420211792 11.6205596923828 11.6609754562378 11.7013921737671 11.7418060302734 11.8024215698242 11.8933353424072 11.8529491424561 11.8125677108765 11.7721891403198 11.7318172454834 11.6914520263672 11.7217931747437 11.9238376617432 12.1359834671021 12.3582248687744 12.5703611373901 12.7622909545898 12.6916160583496 12.6310405731201 12.5603694915771 12.4998044967651 12.4392509460449 12.378701210022 12.318154335022 12.358603477478 12.4293451309204 12.5000743865967 12.5707969665527 12.6415185928345 12.6819438934326 12.7122802734375 12.7426280975342 12.7729864120483 12.8134479522705 12.8438091278076 12.8640632629395 12.8641119003296 12.8641538619995 12.6116952896118 12.2481384277344 12.6925821304321 13.1168212890625 12.8138589859009 12.5108966827393 12.1978378295898 11.884786605835
9.52973079681396 10.8225650787354 11.4992952346802 11.5599231719971 11.5902452468872 11.6205615997314 11.6609764099121 11.691291809082 11.7216081619263 11.7519245147705 11.8024415969849 11.9034595489502 11.9943799972534 11.9742031097412 11.8934307098389 11.8126630783081 11.7723026275635 11.8127460479736 12.0147914886475 12.2370328903198 12.4491682052612 12.651198387146 12.5906219482422 12.5199451446533 12.4593715667725 12.3887062072754 12.348349571228 12.2473983764648 12.2474517822266 12.2576026916504 12.3283462524414 12.3990793228149 12.4698038101196 12.5405263900757 12.5708532333374 12.6112899780273 12.6416387557983 12.6719970703125 12.7023591995239 12.7327222824097 12.7630777359009 12.7934255599976 12.823766708374 12.3491067886353 11.9350519180298 11.9451932907104 13.0158376693726 12.6926736831665 12.3796100616455 12.0665512084961 11.7433986663818
