GISData/inundation/flow2.asc
ncols		275
nrows		200
xllcorner	123.97
yllcorner	45.9581
cellsize	0.01745329251
NODATA_value	-9.99999979021477e+33
[rows 0 to 22 of 200, columns 153 to 203 of 275]
19.9654312133789 20.116943359375 20.1876544952393 20.2583656311035 20.3391780853271 20.4098892211914 20.490701675415 20.5917110443115 20.6018218994141 20.4907379150391 20.3796501159668 20.2786655426025 20.1675796508789 20.0665969848633 19.9656105041504 19.8545246124268 19.7535400390625 19.9252490997314 20.0262603759766 20.0161724090576 20.0060844421387 20.096996307373 20.4000053405762 20.6929111480713 20.8444213867188 20.8444309234619 20.8444404602051 20.8444519042969 20.84446144104 20.8444709777832 20.8444786071777 20.6828861236572 20.3798942565918 20.0769023895264 19.8648071289062 19.672908782959 19.4911136627197 19.6729183197021 20.0769214630127 20.4708290100098 20.8445281982422 20.844539642334 20.8445415496826 20.8445510864258 20.8445568084717 20.8445644378662 20.8445701599121 20.8445777893066 20.8445835113525 20.8445911407471 20.844596862793
19.4806518554688 19.6321659088135 19.7028770446777 19.7735862731934 19.8644962310791 19.975606918335 20.0867156982422 20.1978282928467 20.2281398773193 20.1170520782471 19.9958667755127 19.8847789764404 19.7736930847168 19.6626071929932 19.5515213012695 19.4404354095459 19.339448928833 19.4505615234375 19.5515727996826 19.5414810180664 19.7939872741699 20.0969924926758 20.3899021148682 20.6929111480713 20.8444194793701 20.8444290161133 20.8444385528564 20.8444480895996 20.8444576263428 20.8444690704346 20.8444786071777 20.6424903869629 20.3394985198975 20.036506652832 19.7335147857666 19.4305229187012 19.1275291442871 19.2992362976074 19.703239440918 20.097146987915 20.501148223877 20.8445510864258 20.8445510864258 20.844554901123 20.8445568084717 20.8445644378662 20.8445701599121 20.844575881958 20.8445835113525 20.8445892333984 20.8546962738037
19.0261859893799 19.1473979949951 19.2484073638916 19.3595180511475 19.4807281494141 19.5918369293213 19.7029495239258 19.8140621185303 19.8443737030029 19.7332878112793 19.6222019195557 19.511116027832 19.400032043457 19.2889461517334 19.167760848999 19.0566749572754 19.026388168335 19.0264015197754 19.198112487793 19.4910221099854 19.7940273284912 20.0970325469971 20.3899440765381 20.6929531097412 20.8444633483887 20.8444728851318 20.8444805145264 20.8444900512695 20.8444995880127 20.8445091247559 20.844518661499 20.6021289825439 20.2991371154785 19.9961433410645 19.6931495666504 19.4002571105957 19.1073627471924 19.2386703491211 19.5315742492676 19.82448387146 20.1274852752686 20.521390914917 20.8445911407471 20.844596862793 20.8445987701416 20.8446063995361 20.844612121582 20.8446197509766 20.8446254730225 20.8446311950684 20.854736328125
19.0262126922607 19.0262222290039 19.0262336730957 19.0262413024902 19.0868511199951 19.2080631256104 19.3191757202148 19.4302864074707 19.4707012176514 19.3596153259277 19.2485294342041 19.1374473571777 19.0263614654541 19.0263767242432 19.0263900756836 19.026403427124 19.0264167785645 19.0264282226562 19.1880397796631 19.4910488128662 19.7940559387207 20.0869636535645 20.3899726867676 20.6929836273193 20.8444938659668 20.84450340271 20.8445110321045 20.8445205688477 20.8445301055908 20.844539642334 20.8445491790771 20.5617580413818 20.2587642669678 19.9658718109131 19.6830768585205 19.3901844024658 19.0972900390625 19.2487964630127 19.5417041778564 19.8346118927002 20.1275177001953 20.4204254150391 20.6830272674561 20.7436351776123 20.8143367767334 20.8446426391602 20.8446464538574 20.844654083252 20.8446578979492 20.8446636199951 20.8648700714111
19.0262413024902 19.026252746582 19.0262622833252 19.0262699127197 19.0262794494629 19.0262908935547 19.0263023376465 19.046516418457 19.0970306396484 19.026346206665 19.0263633728027 19.0263786315918 19.0263957977295 19.0264110565186 19.026424407959 19.0264377593994 19.0264492034912 19.026460647583 19.1880722045898 19.491081237793 19.7839889526367 20.0869979858398 20.2587070465088 20.379919052124 20.460729598999 20.531436920166 20.5920448303223 20.6526546478271 20.7233638763428 20.783971786499 20.8344821929932 20.5415878295898 20.2486953735352 19.9558010101318 19.6629066467285 19.3700141906738 19.0872192382812 19.2690277099609 19.5619354248047 19.8548450469971 20.1174507141113 20.188159942627 20.2487640380859 20.3093700408936 20.3800716400146 20.450777053833 20.511381149292 20.582088470459 20.6527938842773 20.7133979797363 20.7841033935547
19.0262699127197 19.0262794494629 19.0262889862061 19.0262985229492 19.0263080596924 19.0263195037842 19.0061321258545 18.9859485626221 18.965763092041 18.9859790802002 19.0061950683594 19.0163116455078 19.0264301300049 19.0264453887939 19.0264587402344 19.0264720916748 19.0264835357666 19.0264949798584 19.1881046295166 19.4810161590576 19.6325244903564 19.7537326812744 19.8648433685303 19.9759540557861 20.0668640136719 20.1274719238281 20.1880779266357 20.2587871551514 20.3193950653076 20.3901042938232 20.42041015625 20.2588157653809 20.0972232818604 19.9356288909912 19.6528358459473 19.3599395751953 19.0670490264893 19.2791557312012 19.5619640350342 19.6326770782471 19.6932811737061 19.7538909912109 19.8245964050293 19.8852024078369 19.955904006958 20.0165100097656 20.0872135162354 20.147819519043 20.2286243438721 20.3195304870605 20.3902359008789
19.0262985229492 19.0263080596924 19.0263156890869 19.00612449646 18.9758377075195 18.9455471038818 18.9253616333008 18.895076751709 18.8748931884766 18.8951110839844 18.9153270721436 18.9254455566406 18.9456634521484 18.9658794403076 18.9860935211182 19.0063056945801 19.0265159606934 19.0265274047852 19.0265369415283 19.1174468994141 19.2386569976807 19.3497657775879 19.4608764648438 19.5719871520996 19.6628932952881 19.723503112793 19.79421043396 19.864917755127 19.9457244873047 20.0164318084717 20.0063381195068 19.8447437286377 19.6831493377686 19.5215549468994 19.3599605560303 19.1983661651611 19.0266742706299 19.0771827697754 19.1377925872803 19.1984043121338 19.2590103149414 19.329719543457 19.3903255462646 19.4509315490723 19.521635055542 19.5923404693604 19.6731433868408 19.7539501190186 19.8448543548584 19.9357585906982 20.0064640045166
19.0263271331787 18.9556350708008 18.9354438781738 18.9152526855469 18.8849658966064 18.8546772003174 18.8344898223877 18.8042068481445 18.7840232849121 18.8042411804199 18.8244590759277 18.8345775604248 18.8547954559326 18.8750114440918 18.8952255249023 18.9255352020264 18.9760475158691 19.0265560150146 19.0265674591064 19.0265769958496 19.0265865325928 19.0265960693359 19.05690574646 19.1680145263672 19.2690238952637 19.3296318054199 19.4104404449463 19.4912490844727 19.5619564056396 19.6427631378174 19.602367401123 19.4306716918945 19.2690773010254 19.1074829101562 19.0266876220703 19.0266933441162 19.0267009735107 19.0267124176025 19.0267200469971 19.0267333984375 19.0267391204834 19.0267505645752 19.0267543792725 19.026762008667 19.1075668334961 19.1984710693359 19.2893753051758 19.3701801300049 19.4610843658447 19.5418891906738 19.6226959228516
18.9354553222656 18.8445644378662 18.8243732452393 18.8142833709717 18.7940940856934 18.773904800415 18.7436180114746 18.7133369445801 18.6931533813477 18.7133712768555 18.7335910797119 18.7437076568604 18.7639236450195 18.8043403625488 18.864953994751 18.9154644012451 18.9659767150879 19.0164852142334 19.0265960693359 19.0266056060791 19.0266151428223 19.0266265869141 19.0266361236572 19.0266456604004 19.0266551971436 19.0266647338867 19.036771774292 19.107479095459 19.1882858276367 19.2690906524658 19.1882953643799 19.0267009735107 19.026704788208 19.0267105102539 19.0267162322998 19.0267238616943 19.0267314910889 19.026741027832 19.0267505645752 19.0267639160156 19.0267696380615 19.0267810821533 19.0267848968506 19.0267944335938 19.0267963409424 19.0268020629883 19.0268058776855 19.0268096923828 19.0773143768311 19.1581172943115 19.2389259338379
18.8243846893311 18.7334938049316 18.7133026123047 18.7032108306885 18.6830215454102 18.6729335784912 18.6527481079102 18.6325664520264 18.6022834777832 18.622501373291 18.6427211761475 18.6932373046875 18.7437534332275 18.7942714691162 18.844783782959 18.8952960968018 18.9458065032959 19.0064163208008 19.0266265869141 19.0266361236572 19.026647567749 19.0266571044922 19.026668548584 19.0266780853271 19.0266876220703 19.0266971588135 19.026704788208 19.0267105102539 19.0267162322998 19.0065212249756 19.0065269470215 19.0166301727295 19.0267353057861 19.0267391204834 19.0267467498779 19.0267524719238 19.026762008667 19.0267734527588 19.0267810821533 19.0267944335938 19.0268020629883 19.0268135070801 19.0268173217773 19.0268268585205 19.0268287658691 19.026834487915 19.0268363952637 19.0268402099609 19.0268440246582 19.0268478393555 19.067253112793
18.7133140563965 18.6224231719971 18.6022300720215 18.5921401977539 18.5719509124756 18.5618667602539 18.5416812896729 18.5214977264404 18.5215148925781 18.5720329284668 18.6225528717041 18.6831703186035 18.7336883544922 18.7842025756836 18.8347148895264 18.8953285217285 18.9458389282227 18.9963474273682 19.0266590118408 19.0266704559326 19.0266819000244 19.0266914367676 19.0267028808594 19.0267143249512 19.0267219543457 19.0267314910889 19.0267372131348 19.0267448425293 18.9762496948242 18.9055519104004 18.9055557250977 18.9156589508057 18.9257640838623 18.9459686279297 18.956075668335 18.9661846160889 19.0166931152344 19.0268039703369 19.0268135070801 19.0268268585205 19.026834487915 19.0268459320068 19.0268497467041 19.0268592834473 19.0268611907959 19.0268650054932 19.0268669128418 19.0268688201904 19.0268726348877 19.0268745422363 19.0672798156738
18.6224422454834 18.531551361084 18.5214595794678 18.5214710235596 18.5214824676514 18.5214977264404 18.5215129852295 18.5215301513672 18.5215492248535 18.5720672607422 18.6225872039795 18.6832046508789 18.7337226867676 18.784236907959 18.8347492218018 18.8953609466553 18.9458713531494 18.9963817596436 19.0266933441162 19.026704788208 19.0267162322998 19.0267276763916 19.0267391204834 19.0267486572266 19.0267581939697 19.0267658233643 19.0166721343994 18.9459781646729 18.8752822875977 18.8045845031738 18.8045883178711 18.8146915435791 18.8247928619385 18.8449993133545 18.8652057647705 18.9359130859375 19.0066223144531 19.026834487915 19.0268459320068 19.0268592834473 19.0268669128418 19.0268783569336 19.0268821716309 19.026891708374 19.0268936157227 19.0268974304199 19.0268974304199 19.0268993377686 19.0268993377686 19.0269012451172 19.0673046112061
18.6224708557129 18.5315799713135 18.5214900970459 18.5215034484863 18.5215167999268 18.5215301513672 18.5215473175049 18.5215663909912 18.5215854644775 18.5721035003662 18.6226234436035 18.6731395721436 18.733757019043 18.7842712402344 18.8347835540771 18.8953971862793 18.9459075927734 18.9964160919189 19.0267295837402 19.026741027832 19.0267524719238 19.0267639160156 19.0267734527588 19.0267848968506 19.0267925262451 18.986400604248 18.9157047271729 18.8450088500977 18.7743129730225 18.7036151885986 18.7036170959473 18.7137203216553 18.7238235473633 18.7945289611816 18.8652362823486 18.9359455108643 19.0066547393799 19.0268669128418 19.0268783569336 19.026891708374 19.0268993377686 19.0269107818604 19.0269165039062 19.0269241333008 19.0269241333008 19.026927947998 19.026927947998 19.026927947998 19.026927947998 19.026927947998 19.0370292663574
18.6326007843018 18.541711807251 18.5215225219727 18.5215358734131 18.5215511322021 18.5215663909912 18.5215835571289 18.5216026306152 18.5216217041016 18.5721416473389 18.6226615905762 18.6731777191162 18.7337951660156 18.7843074798584 18.8348197937012 18.8853321075439 18.9459419250488 18.9762535095215 18.9560642242432 18.9459743499756 18.9459857940674 18.9358978271484 18.9359092712402 18.9359188079834 18.9258251190186 18.8753337860107 18.8147392272949 18.7440414428711 18.6733436584473 18.6026458740234 18.6026477813721 18.6430511474609 18.7137546539307 18.7945594787598 18.8652687072754 18.935977935791 19.0066871643066 19.0268993377686 19.0269107818604 19.0269241333008 19.0269317626953 19.0269432067871 19.0168495178223 19.0269565582275 19.0269565582275 19.0269584655762 19.0269584655762 19.0269584655762 19.0269565582275 19.0269565582275 19.0269565582275
18.6326313018799 18.5417442321777 18.521556854248 18.5215702056885 18.5215873718262 18.5216045379639 18.5216217041016 18.5216407775879 18.5216617584229 18.5620803833008 18.6226997375488 18.6732158660889 18.7237319946289 18.7843437194824 18.8045558929443 18.7742652893066 18.7439746856689 18.7136859893799 18.7035980224609 18.6935081481934 18.6935195922852 18.6834316253662 18.7137413024902 18.754150390625 18.733959197998 18.683464050293 18.6329708099365 18.5824718475342 18.5218753814697 18.4814777374268 18.5218772888184 18.5925807952881 18.6632843017578 18.7238922119141 18.7946014404297 18.8653106689453 18.9259204864502 18.9461345672607 18.9360446929932 18.9259586334229 18.915864944458 18.9057769775391 18.8956832885742 18.9057884216309 18.9461898803711 18.9966907501221 19.0269889831543 19.0269889831543 19.026985168457 19.026985168457 19.026985168457
18.4407634735107 18.3498764038086 18.3801918029785 18.4812088012695 18.5216255187988 18.5216426849365 18.5216617584229 18.5216827392578 18.5217018127441 18.5621204376221 18.6227378845215 18.6429557800293 18.6126689910889 18.5823802947998 18.5520915985107 18.521800994873 18.4915103912354 18.4612197875977 18.4511299133301 18.4410419464111 18.4410533905029 18.4814643859863 18.5319747924805 18.5723819732666 18.5521907806396 18.5016956329346 18.4411010742188 18.390604019165 18.3704051971436 18.3906078338623 18.4209079742432 18.4815139770508 18.532018661499 18.5926246643066 18.6633338928223 18.7340450286865 18.79465675354 18.814868927002 18.8047790527344 18.7946929931641 18.7947006225586 18.784610748291 18.7745151519775 18.7745208740234 18.8250217437744 18.8654232025146 18.9159202575684 18.9664192199707 19.0169162750244 19.0270137786865 19.0270137786865
17.8448963165283 17.7439098358154 17.7843284606934 17.8853454589844 17.9863624572754 18.0772838592529 18.1783027648926 18.2793235778809 18.4409427642822 18.4510612487793 18.4207782745361 18.390495300293 18.3602066040039 18.3299179077148 18.2996273040771 18.2693367004395 18.2390441894531 18.2087535858154 18.1986637115479 18.2087745666504 18.2592849731445 18.2996959686279 18.3401050567627 18.3906154632568 18.3704223632812 18.3098278045654 18.2593307495117 18.2694339752197 18.2795372009277 18.2896385192871 18.3300399780273 18.3805465698242 18.4310512542725 18.481559753418 18.5320682525635 18.6027793884277 18.673490524292 18.6836032867432 18.6735134124756 18.673526763916 18.6634330749512 18.6533451080322 18.6432495117188 18.6432552337646 18.693754196167 18.744255065918 18.7846527099609 18.8351497650146 18.885648727417 18.9361457824707 18.9765434265137
17.2894306182861 17.158145904541 17.2288627624512 17.4005832672119 17.5622024536133 17.7339248657227 17.9056453704834 18.0672664642334 18.2389850616455 18.259204864502 18.2289218902588 18.188533782959 18.1582450866699 18.1178550720215 18.0875625610352 18.0471725463867 18.0168800354004 17.9966869354248 18.0168972015381 18.027006149292 18.0775165557861 18.1179275512695 18.1583366394043 18.1987457275391 18.1785526275635 18.1482563018799 18.1583614349365 18.1684646606445 18.1785678863525 18.1886711120605 18.229076385498 18.2795791625977 18.3300857543945 18.38059425354 18.4311027526855 18.4816150665283 18.5422267913818 18.552339553833 18.5523509979248 18.5422630310059 18.532169342041 18.5220794677734 18.5220832824707 18.5119876861572 18.5624885559082 18.6129894256592 18.6634845733643 18.7139835357666 18.7543792724609 18.8048782348633 18.855375289917
17.4308681488037 17.5722846984863 17.4915027618408 17.3198223114014 17.3602447509766 17.5319671630859 17.6935901641846 17.8653106689453 18.0370311737061 18.067346572876 18.0269622802734 17.9966735839844 17.9562854766846 17.9259929656982 17.8856010437012 17.9058055877686 17.9462146759033 17.9967212677002 18.0169296264648 18.016939163208 18.0169486999512 18.0169582366943 18.0169677734375 18.0169773101807 18.0371837615967 18.0472888946533 18.05739402771 18.0674953460693 18.0775985717773 18.0978031158447 18.1281089782715 18.1786136627197 18.2291221618652 18.2796306610107 18.3200397491455 18.3604507446289 18.3907623291016 18.4008731842041 18.3907852172852 18.3806972503662 18.3807048797607 18.3706150054932 18.3706169128418 18.3706226348877 18.4312229156494 18.4817237854004 18.5322208404541 18.5827159881592 18.6332130432129 18.6837100982666 18.7241077423096
17.9460067749023 18.0773239135742 18.0066432952881 17.8349628448486 17.6531848907471 17.4815082550049 17.4916305541992 17.6633529663086 17.8350734710693 17.8754901885986 17.8351039886475 17.8048152923584 17.7745246887207 17.8149299621582 17.8654365539551 17.9058418273926 17.9462490081787 17.9967555999756 18.0169639587402 18.0169715881348 18.0169811248779 18.0169906616211 18.0170001983643 18.0170078277588 18.0170135498047 18.0170192718506 18.0170230865479 18.0170269012451 18.017032623291 18.0170364379883 18.0170421600342 18.0473499298096 18.0877571105957 18.1180667877197 18.1584758758545 18.1988868713379 18.2292003631592 18.2393093109131 18.2292213439941 18.2292327880859 18.2292385101318 18.2292499542236 18.2292518615723 18.2292575836182 18.2898578643799 18.3403568267822 18.3908557891846 18.451452255249 18.5019474029541 18.5524463653564 18.6029415130615
18.1985454559326 18.3803653717041 18.309684753418 18.2491035461426 18.168327331543 17.9966487884521 17.8148727416992 17.6431941986084 17.6230163574219 17.6735305786133 17.6836452484131 17.7240543365479 17.7745628356934 17.8149662017822 17.8553733825684 17.9058780670166 17.9462833404541 17.996789932251 18.016996383667 18.0170040130615 18.0170135498047 18.0170230865479 18.0170307159424 18.0170383453369 18.0170440673828 18.0170497894287 18.0170555114746 18.0170593261719 17.9968643188477 17.9362716674805 17.926176071167 17.9463844299316 17.9665946960449 17.9868011474609 18.0070133209229 18.0373249053955 18.0676345825195 18.0777454376221 18.0777549743652 18.077766418457 18.0878715515137 18.0878829956055 18.0878849029541 18.087890625 18.1383934020996 18.1989936828613 18.249490737915 18.2999897003174 18.3403835296631 18.3807811737061 18.4211769104004
17.6733779907227 17.5723972320557 17.4916191101074 17.44114112854 17.3805656433105 17.3603897094727 17.4311122894287 17.5119361877441 17.5422554016113 17.6331729888916 17.7644844055176 17.8250923156738 17.86549949646 17.9160041809082 17.9665107727051 18.0170135498047 18.0675182342529 18.1180248260498 18.1079292297363 18.0372371673584 18.0170459747314 18.017053604126 18.0170612335205 18.017068862915 18.0170745849609 18.0170803070068 18.0170860290527 17.9665927886963 17.9059982299805 17.855504989624 17.8454132080078 17.8656215667725 17.8858318328857 17.9060401916504 17.9262504577637 17.9363613128662 17.9464702606201 17.9060802459717 17.8353900909424 17.8455009460449 17.8455066680908 17.845516204834 17.855619430542 17.8556251525879 17.9061260223389 17.9566287994385 17.9970264434814 18.0273246765137 18.067720413208 18.108118057251 18.1485118865967
17.1078128814697 17.1078338623047 17.1381549835205 17.2088794708252 17.2897033691406 17.3604278564453 17.4008502960205 17.4210739135742 17.4412937164307 17.5221099853516 17.6635208129883 17.804931640625 17.9362354278564 18.0675392150879 18.1079444885254 18.158447265625 18.2089538574219 18.2594566345215 18.2493629455566 18.1786689758301 18.1079769134521 18.0372848510742 18.0170917510986 18.0170993804932 18.0171051025391 17.9868106842041 17.9363193511963 17.8757266998291 17.825231552124 17.7747402191162 17.7646484375 17.7848587036133 17.8050689697266 17.8151760101318 17.8252868652344 17.8252964019775 17.8354072570801 17.7950172424316 17.7041244506836 17.6233348846436 17.5324401855469 17.5223484039307 17.5324535369873 17.5324592590332 17.5829601287842 17.6435642242432 17.6940631866455 17.7546615600586 17.7950592041016 17.8354549407959 17.8758506774902
