GISData/inundation/SeasideOR_A.asc
ncols        250
nrows        350
xllcorner    -128.010000000000
yllcorner    43.000000000000
cellsize     0.020000000000
NODATA_value  -9.9999997902147679536e+33
[rows 66 to 87 of 350, columns 49 to 97 of 250]
1956.489990234375 1933.6600341796875 1778.7099609375 1623.760009765625 1468.800048828125 1313.8399658203125 1231.8499755859375 1249.6400146484375 1307.260009765625 1327.6800537109375 1393.3699951171875 1409.9599609375 1392.6500244140625 1362.3299560546875 1343.1400146484375 1337.3299560546875 1326.0400390625 1312.280029296875 1295.469970703125 1272.18994140625 1251.3299560546875 1221.52001953125 1144.1099853515625 1044.5 952.21002197265625 867.5999755859375 811.08001708984375 884.3499755859375 886.22998046875 912.55999755859375 827.52001953125 723.69000244140625 659.53997802734375 599.79998779296875 556.760009765625 521.78997802734375 473.769989013671875 470.019989013671875 396.149993896484375 322.279998779296875 248.4199981689453125 174.5500030517578125 160.3600006103515625 153.899993896484375 146.6199951171875 139.2299957275390625 133.0200042724609375 126.1999969482421875 120.4499969482421875
2107.050048828125 2030.8599853515625 1952.4100341796875 1777.9200439453125 1624.1700439453125 1468.6099853515625 1268.77001953125 1278.72998046875 1310.300048828125 1293.949951171875 1311.9000244140625 1392.8499755859375 1408.52001953125 1392.7099609375 1381.3699951171875 1369.9000244140625 1352.5799560546875 1324.1700439453125 1303.8599853515625 1292.9599609375 1274.27001953125 1232.280029296875 1168.8299560546875 1075.43994140625 1037.8699951171875 972.52001953125 912.71002197265625 990.30999755859375 1037.780029296875 991.82000732421875 904.96002197265625 797.1099853515625 714.489990234375 647.91998291015625 598.03997802734375 545.79998779296875 513.780029296875 502.3599853515625 441.290008544921875 399.29998779296875 327.70001220703125 253.7700042724609375 223.3600006103515625 160.649993896484375 152.589996337890625 145.0099945068359375 136.279998779296875 130.05999755859375 123.76999664306640625
2081.860107421875 2125.1298828125 2088.889892578125 1932.0899658203125 1779.5400390625 1623.3900146484375 1458.9599609375 1297.8900146484375 1325.1400146484375 1350.4000244140625 1340.06005859375 1361.1300048828125 1407.2099609375 1426.43994140625 1422.489990234375 1399.5 1370.2900390625 1345.4599609375 1318.93994140625 1287.5999755859375 1235.010009765625 1198.199951171875 1190.7099609375 1199.550048828125 1132.97998046875 1083.300048828125 921.1500244140625 964.40997314453125 1071.489990234375 1052.4000244140625 967.59002685546875 868.72998046875 787 743.469970703125 719.5999755859375 585.79998779296875 567.29998779296875 531.83001708984375 529.78997802734375 476.32000732421875 406.980010986328125 332.989990234375 286.3599853515625 223.9600067138671875 160.8000030517578125 150.0099945068359375 140.1999969482421875 133.339996337890625 130.4499969482421875
1891 2070.159912109375 2111.510009765625 2058.419921875 1930.6300048828125 1798.1700439453125 1649.1500244140625 1491.219970703125 1505.1400146484375 1431.3699951171875 1422.9200439453125 1399.739990234375 1390.0899658203125 1457.2099609375 1489.72998046875 1402.3599853515625 1344.1300048828125 1267.3399658203125 1237.56005859375 1232.3199462890625 1254.7900390625 1300.25 1305.97998046875 1323.6600341796875 1251.97998046875 1123.449951171875 994.91998291015625 1008.280029296875 1091.969970703125 1103.7900390625 1037.1400146484375 959.91998291015625 829.72998046875 763.719970703125 723.78997802734375 625.79998779296875 592.09002685546875 597.71002197265625 618.280029296875 553.5 487.42999267578125 412.209991455078125 349.3599853515625 287.279998779296875 222.7599945068359375 156.2899932861328125 146.649993896484375 137.2100067138671875 129.0500030517578125
1958.4100341796875 1947.0400390625 2103.199951171875 2112.3701171875 2086.4599609375 1977.989990234375 1840.1800537109375 1684.5400390625 1685.1400146484375 1616.6600341796875 1587.1800537109375 1495.43994140625 1438.300048828125 1458.6800537109375 1504.3499755859375 1402.5400390625 1326.260009765625 1279.31005859375 1310.800048828125 1309.8800048828125 1354.780029296875 1396.1199951171875 1386.1600341796875 1314.0699462890625 1214.739990234375 1108.8699951171875 1073.3699951171875 1111 1136.280029296875 1114.1199951171875 1061.2099609375 1017.17999267578125 909.92999267578125 802.67999267578125 695.44000244140625 686.4000244140625 699.6400146484375 703.3900146484375 668.91998291015625 637.260009765625 570.20001220703125 491.42999267578125 417.239990234375 350.980010986328125 284.720001220703125 218.470001220703125 152.220001220703125 147.07000732421875 138.160003662109375
1974.239990234375 2032.43994140625 2090.64990234375 2109.2900390625 2177.139892578125 2157.81005859375 2035.6700439453125 1877.8599853515625 1865.1400146484375 1801.9599609375 1751.449951171875 1549.27001953125 1492.199951171875 1497.8699951171875 1448.77001953125 1429.6700439453125 1421.8800048828125 1419.9300537109375 1425.1700439453125 1418.3499755859375 1414.1099853515625 1402.8699951171875 1368.6500244140625 1335.0699462890625 1250.5799560546875 1179.8299560546875 1168.8900146484375 1210.1800537109375 1188.9200439453125 1122.8599853515625 1056.6500244140625 998.260009765625 901.07000732421875 803.280029296875 819.3599853515625 755.6199951171875 703.010009765625 723.02001953125 706.3900146484375 694.34002685546875 581.55999755859375 468.769989013671875 432.5 364.489990234375 296.480010986328125 228.470001220703125 160.470001220703125 152.9799957275390625 146.57000732421875
2149.159912109375 2023.0799560546875 2078.10009765625 2078.550048828125 2217.280029296875 2268.280029296875 2231.159912109375 2071.179931640625 2045.1400146484375 1987.260009765625 1915.719970703125 1734.8199462890625 1571.9599609375 1522.1300048828125 1449.5899658203125 1472.739990234375 1478.7900390625 1496.5999755859375 1492.1199951171875 1449.469970703125 1433.5400390625 1409.72998046875 1403.510009765625 1407.489990234375 1371.06005859375 1314.8900146484375 1284.0899658203125 1253.6700439453125 1185.239990234375 1114.199951171875 1064.68994140625 1045.9100341796875 1049.9100341796875 952.989990234375 943.28997802734375 824.83001708984375 706.3800048828125 674.58001708984375 623.02001953125 578.95001220703125 547.30999755859375 470.17999267578125 396.6300048828125 323.089996337890625 249.5500030517578125 176.0099945068359375 170.2700042724609375 159.6699981689453125 150.69000244140625
2324.070068359375 2197.8701171875 2170.75 2253.06005859375 2308.6298828125 2320.18994140625 2310.22998046875 2264.5 2225.139892578125 2172.56005859375 2079.989990234375 1920.3699951171875 1760.75 1612.8299560546875 1559.280029296875 1538.1099853515625 1501.0899658203125 1476.3199462890625 1454.4000244140625 1442.6800537109375 1442.260009765625 1446.3199462890625 1456.050048828125 1443.6400146484375 1433.5400390625 1406.469970703125 1351.1800537109375 1279.25 1199.719970703125 1155.800048828125 1112.3199462890625 1111.300048828125 1108.9000244140625 1102.699951171875 986.21002197265625 869.719970703125 753.239990234375 696.8599853515625 647.25 599.3699951171875 565.72998046875 487.17999267578125 411.489990234375 335.790008544921875 260.100006103515625 184.410003662109375 175.8600006103515625 168.7400054931640625 159.7400054931640625
2498.989990234375 2372.659912109375 2360.89990234375 2238.75 2341.2900390625 2369.840087890625 2268.8701171875 2191.75 2170.2099609375 2130.6201171875 2093.219970703125 1996.530029296875 1949.5400390625 1779.800048828125 1727.7099609375 1577.989990234375 1428.27001953125 1421.5799560546875 1430.739990234375 1444.3900146484375 1495.800048828125 1510.5 1517.5899658203125 1514.5899658203125 1466.5799560546875 1421.18994140625 1378.7900390625 1312.4100341796875 1294.719970703125 1240.5899658203125 1196.8900146484375 1153.199951171875 1110.3499755859375 1038.77001953125 973.46002197265625 910.30999755859375 836.1099853515625 770.27001953125 721.02001953125 671.53997802734375 585.739990234375 505.989990234375 427.1199951171875 348.260009765625 269.399993896484375 190.5399932861328125 185.5099945068359375 177.7400054931640625 167.0099945068359375
2494.429931640625 2405.320068359375 2385.489990234375 2394.580078125 2318.8798828125 2340.659912109375 2335.1298828125 2246.4599609375 2214.580078125 2230.669921875 2205.909912109375 2184.159912109375 2007.3499755859375 1946.77001953125 1767.7900390625 1588.8199462890625 1409.8499755859375 1397.27001953125 1413.81005859375 1435 1468.510009765625 1530.18994140625 1586.5899658203125 1553.469970703125 1441.8699951171875 1423.199951171875 1372.7099609375 1290.31005859375 1248.5999755859375 1213.93994140625 1184.43994140625 1135.18994140625 1068.97998046875 993.6400146484375 925.8499755859375 863.27001953125 804.3900146484375 752.989990234375 709.44000244140625 619.57000732421875 537.510009765625 458.649993896484375 379.79998779296875 300.95001220703125 222.100006103515625 201.5800018310546875 193.089996337890625 185.8600006103515625 174.3600006103515625
2497.22998046875 2456.780029296875 2425.719970703125 2413.090087890625 2406.300048828125 2425.669921875 2370.320068359375 2344.590087890625 2367.360107421875 2343.64990234375 2318.820068359375 2189.31005859375 2065.169921875 1908.9000244140625 1752.6400146484375 1596.3800048828125 1570.3800048828125 1514.02001953125 1407.530029296875 1408.719970703125 1432.280029296875 1507.8699951171875 1598.31005859375 1573.9300537109375 1498.760009765625 1432.4000244140625 1335.030029296875 1253.93994140625 1175.7900390625 1124.52001953125 1106.1500244140625 1090.8299560546875 1070.27001953125 979.69000244140625 898.27001953125 831.46002197265625 778.80999755859375 731.53997802734375 691.40997314453125 621.8599853515625 549.03997802734375 483.6400146484375 407.17999267578125 330.709991455078125 254.2400054931640625 229.0399932861328125 211.9900054931640625 198.0200042724609375 188.07000732421875
2510.360107421875 2513.320068359375 2507.97998046875 2505.669921875 2508.8798828125 2509.60009765625 2501.330078125 2485.5 2465.2900390625 2440.800048828125 2378.860107421875 2209.179931640625 2039.489990234375 1945.300048828125 1810.3399658203125 1788.6199951171875 1730.9100341796875 1639.1099853515625 1496.97998046875 1405.3399658203125 1438.0400390625 1518.219970703125 1608.489990234375 1536.199951171875 1469.27001953125 1427.739990234375 1371.1400146484375 1315.18994140625 1202.6300048828125 1102.3599853515625 1044.77001953125 1032.9599609375 1013.33001708984375 969.69000244140625 907.8900146484375 851.97998046875 788.96002197265625 751.79998779296875 740.15997314453125 659.45001220703125 609.03997802734375 561.6500244140625 482.8699951171875 404.079986572265625 325.290008544921875 294.29998779296875 226.7899932861328125 268.339996337890625 268.8900146484375
2515.199951171875 2535.43994140625 2535.679931640625 2527.97998046875 2525.949951171875 2518.840087890625 2510.909912109375 2503.080078125 2487.340087890625 2471.909912109375 2454.080078125 2383.469970703125 2237.8798828125 2168.68994140625 2017.8199462890625 1980.8699951171875 1781.6099853515625 1708.030029296875 1597.22998046875 1488.6099853515625 1586.1500244140625 1716.9599609375 1603.3599853515625 1489.530029296875 1447.969970703125 1403.1400146484375 1362.43994140625 1306.469970703125 1237.3299560546875 1169.260009765625 1064.5799560546875 1040.6099853515625 1043.9300537109375 1050.780029296875 1013.239990234375 923.030029296875 859.1300048828125 816.75 767.92999267578125 786.57000732421875 692.96002197265625 605.95001220703125 520.47998046875 435.010009765625 349.54998779296875 359.57000732421875 313.1199951171875 338.660003662109375 349.709991455078125
2520.56005859375 2540.050048828125 2542.4599609375 2534.679931640625 2526.929931640625 2520.570068359375 2511.3798828125 2509.090087890625 2492.75 2479.47998046875 2468.739990234375 2455.2900390625 2436.260009765625 2392.070068359375 2225.2900390625 2173.1201171875 1988.1600341796875 1879.1800537109375 1746.1099853515625 1643.989990234375 1734.25 1654.260009765625 1542.8199462890625 1471 1407.6199951171875 1384.030029296875 1353.969970703125 1319.2099609375 1280.9000244140625 1197.300048828125 1134.550048828125 1100.3299560546875 1074.1800537109375 1099.7099609375 1101.1700439453125 1048.6300048828125 990.29998779296875 913.58001708984375 859 810.6099853515625 715.5999755859375 626.79998779296875 538.010009765625 449.220001220703125 443.970001220703125 434.480010986328125 399.44000244140625 412.329986572265625 430.6199951171875
2527.080078125 2541.449951171875 2545.820068359375 2538.22998046875 2532.199951171875 2525.669921875 2519.2099609375 2511.110107421875 2507.199951171875 2495.8798828125 2492.300048828125 2481.219970703125 2471.64990234375 2457.409912109375 2432.760009765625 2365.360107421875 2194.719970703125 2050.330078125 1895 1799.3800048828125 1817.75 1657.469970703125 1497.199951171875 1451.6600341796875 1414.5 1397.6099853515625 1384.72998046875 1348.739990234375 1310.9000244140625 1266.0799560546875 1234.22998046875 1215.3699951171875 1148.27001953125 1148.68994140625 1162.449951171875 1147.280029296875 1074.469970703125 1005.34002685546875 961.239990234375 905.53997802734375 821.6199951171875 724.96002197265625 631.969970703125 542.5 538.4000244140625 528.70001220703125 485.959991455078125 492.709991455078125 511.730010986328125
2529.169921875 2546.0400390625 2547.199951171875 2544.2099609375 2536.239990234375 2532.39990234375 2525.669921875 2520.489990234375 2514.780029296875 2511.719970703125 2507.22998046875 2507.199951171875 2494.860107421875 2478.580078125 2464.85009765625 2441.39990234375 2401.27001953125 2164.169921875 1927.06005859375 1954.760009765625 1974.010009765625 1788.030029296875 1689.1400146484375 1502.4000244140625 1479.6199951171875 1447.9599609375 1414.18994140625 1398.9100341796875 1333.25 1288.1500244140625 1252.719970703125 1220.5899658203125 1171.9100341796875 1159.3699951171875 1197.5899658203125 1209.8599853515625 1158.6199951171875 1084.0999755859375 1017.8699951171875 963.5 927.6500244140625 823.1099853515625 725.92999267578125 635.77001953125 632.92999267578125 623.4000244140625 572.8499755859375 581.16998291015625 593.07000732421875
2526.199951171875 2547.27001953125 2550.030029296875 2542.179931640625 2540.090087890625 2538.5 2531.3798828125 2528.199951171875 2521.97998046875 2518.239990234375 2512.199951171875 2507.199951171875 2500.64990234375 2483.419921875 2468.340087890625 2437.280029296875 2340.93994140625 2150.030029296875 1959.1199951171875 1894.3699951171875 2060.080078125 1952.699951171875 1881.0799560546875 1676.1099853515625 1638.3900146484375 1477.9300537109375 1392.5 1361.780029296875 1309.4000244140625 1273.760009765625 1249.1600341796875 1206.97998046875 1162.3599853515625 1152.22998046875 1201.2099609375 1243.27001953125 1254.1700439453125 1204.52001953125 1076.6500244140625 996.1400146484375 949 845.42999267578125 741.8699951171875 729.04998779296875 727.69000244140625 718.739990234375 660.21002197265625 599.42999267578125 679.0999755859375
2524.199951171875 2543.489990234375 2546.800048828125 2540.25 2537.199951171875 2490.820068359375 2523.969970703125 2522.199951171875 2517.199951171875 2514.110107421875 2510.550048828125 2500.860107421875 2491.340087890625 2482.610107421875 2462.22998046875 2442.18994140625 2256.840087890625 2071.489990234375 2052.949951171875 2045.3299560546875 2037.719970703125 2117.360107421875 2073.02001953125 1849.81005859375 1797.1600341796875 1665.1500244140625 1619.4200439453125 1579.25 1487.06005859375 1435.8499755859375 1414.0400390625 1378.6500244140625 1338.8800048828125 1150.1300048828125 1173.3399658203125 1261.469970703125 1302.3800048828125 1239.510009765625 1133.239990234375 1047.3499755859375 1002.95001220703125 894.1199951171875 785.280029296875 766.04998779296875 823.219970703125 814.71002197265625 751.15997314453125 697.010009765625 772.19000244140625
2526.199951171875 2537.6298828125 2544.330078125 2541.219970703125 2535.06005859375 2529.97998046875 2527.199951171875 2522.199951171875 2516.419921875 2511.6201171875 2507.239990234375 2495.909912109375 2487.669921875 2479.389892578125 2470.169921875 2460.530029296875 2426.81005859375 2261.56005859375 2231.409912109375 2000.6800537109375 1965.43994140625 2143.050048828125 2126.780029296875 2023.510009765625 1955.9200439453125 1852.3599853515625 1846.3399658203125 1796.719970703125 1664.72998046875 1597.93994140625 1578.9200439453125 1550.3299560546875 1515.4000244140625 1385.1099853515625 1343.6600341796875 1323.25 1306.0999755859375 1232.06005859375 1135.47998046875 1082.93994140625 1037.4300537109375 956.54998779296875 937.42999267578125 893.79998779296875 925.6199951171875 915.67999267578125 848.08001708984375 794.59002685546875 870.3699951171875
2527.56005859375 2534.909912109375 2538.35009765625 2537.199951171875 2532.199951171875 2532.199951171875 2527.300048828125 2524.050048828125 2520.280029296875 2517.199951171875 2511.239990234375 2507.06005859375 2497.949951171875 2488.360107421875 2481.47998046875 2473.25 2466.050048828125 2451.6298828125 2409.8701171875 2219.64990234375 2151.06005859375 2262.2099609375 2179.7099609375 2053.419921875 2025.9100341796875 2039.5699462890625 2073.260009765625 2014.199951171875 1842.4000244140625 1760.030029296875 1743.800048828125 1722.010009765625 1691.9200439453125 1620.0899658203125 1513.989990234375 1380.3399658203125 1246.68994140625 1246.4300537109375 1158.4599609375 1092.75 1086.06005859375 1107.52001953125 1089.5799560546875 1021.55999755859375 1034.25 1022.70001220703125 951.6300048828125 894.25 876.5999755859375
2588.199951171875 2587.080078125 2537.199951171875 2537.199951171875 2532.199951171875 2531.489990234375 2526.6201171875 2523.199951171875 2521.81005859375 2517.489990234375 2512.780029296875 2509.7099609375 2506.669921875 2500.469970703125 2487.110107421875 2479.97998046875 2473.25 2465.25 2457.199951171875 2438.6298828125 2336.679931640625 2293.080078125 2121.2099609375 2052.60009765625 2044.6199951171875 2075.570068359375 2074.340087890625 2002.3299560546875 2020.06005859375 1922.1199951171875 1908.6800537109375 1893.68994140625 1868.449951171875 1855.0699462890625 1684.3199462890625 1513.5699462890625 1342.8199462890625 1172.0699462890625 1163.27001953125 1103.56005859375 1110.3800048828125 1258.489990234375 1241.72998046875 1149.3199462890625 1148.0999755859375 1136.75 1061.6199951171875 999.969970703125 921.02001953125
2589.199951171875 2589.7900390625 2530.219970703125 2530.2099609375 2529.9599609375 2526.2099609375 2525.3798828125 2520.2099609375 2519.820068359375 2518.2099609375 2516.199951171875 2508.9599609375 2506.2099609375 2500.389892578125 2493.10009765625 2485.820068359375 2477.8701171875 2470.25 2462.969970703125 2457.199951171875 2410.60009765625 2250.139892578125 2148.050048828125 2102.10009765625 2116.7099609375 2143.81005859375 2139.159912109375 2100.1298828125 2095.090087890625 2084.2099609375 2073.56005859375 2065.360107421875 2044.969970703125 1871.280029296875 1697.5999755859375 1523.9100341796875 1350.219970703125 1176.530029296875 1184.9100341796875 1193.300048828125 1278.239990234375 1409.469970703125 1393.8800048828125 1277.0799560546875 1200.1300048828125 1256.280029296875 1121.8599853515625 987.44000244140625 965.45001220703125
