GISData/inundation/SeasideOR_A.asc
ncols        250
nrows        350
xllcorner    -128.010000000000
yllcorner    43.000000000000
cellsize     0.020000000000
NODATA_value  -9.9999997902147679536e+33
[rows 286 to 307 of 350, columns 147 to 195 of 250]
910.65997314453125 841.719970703125 774.8699951171875 682.33001708984375 593.94000244140625 513.92999267578125 435.57000732421875 357.209991455078125 339.44000244140625 279.1199951171875 226.1199951171875 173.2100067138671875 135.5399932861328125 134.7400054931640625 123.8000030517578125 112.3899993896484375 105.470001220703125 98.12000274658203125 98.8899993896484375 82.3600006103515625 84.6399993896484375 84.09999847412109375 92.6699981689453125 106.1699981689453125 103.3300018310546875 108.23000335693359375 113.23000335693359375 114.62000274658203125 110.06999969482421875 113.65000152587890625 116.4499969482421875 115.970001220703125 107.6699981689453125 93.51000213623046875 95.410003662109375 92.26000213623046875 86.04000091552734375 82.1999969482421875 81.1999969482421875 77.1999969482421875 73.0500030517578125 67.04000091552734375 60.470001220703125 54.049999237060546875 48.479999542236328125 41.479999542236328125 31.200000762939453125 15.600000381469726563 0
915.69000244140625 887.28997802734375 788.1199951171875 694.83001708984375 606.92999267578125 523.219970703125 448.5 378.209991455078125 315.279998779296875 252.350006103515625 189.42999267578125 168.1999969482421875 127.45999908447265625 120.98000335693359375 118.43000030517578125 113.43000030517578125 109.48999786376953125 102.73000335693359375 99.0500030517578125 95.0500030517578125 95.30999755859375 89.23999786376953125 96.05999755859375 100.6699981689453125 102.1999969482421875 102.1999969482421875 102.43000030517578125 105.1999969482421875 105.1999969482421875 104.029998779296875 103.54000091552734375 108.23000335693359375 106.18000030517578125 98.8899993896484375 93.29000091552734375 91.1999969482421875 86.04000091552734375 82.1999969482421875 80.1999969482421875 77.19000244140625 73.1999969482421875 67.62000274658203125 60.340000152587890625 55.200000762939453125 51.54000091552734375 43.479999542236328125 29.200000762939453125 14.600000381469726563 0
1031.199951171875 943.219970703125 839.34002685546875 741.96002197265625 651.09002685546875 566 487.79998779296875 414.459991455078125 346.989990234375 287.040008544921875 229.779998779296875 172.529998779296875 115.279998779296875 113.15000152587890625 111.15000152587890625 112.1999969482421875 112.1999969482421875 110.43000030517578125 104.1999969482421875 102.1999969482421875 104.51000213623046875 103.220001220703125 103.26000213623046875 102.76000213623046875 102.1999969482421875 102.1100006103515625 97.1999969482421875 102.1999969482421875 103.15000152587890625 102.1999969482421875 102.1999969482421875 103.15000152587890625 102.1999969482421875 97.8899993896484375 93.1999969482421875 90.31999969482421875 87.04000091552734375 82.26000213623046875 80.1999969482421875 77.19000244140625 73.1999969482421875 68.04000091552734375 61.340000152587890625 56.049999237060546875 50.770000457763671875 43.479999542236328125 21.739999771118164063 -0.5 0
1146.719970703125 1029.1099853515625 916.15997314453125 808.780029296875 707.6500244140625 613.1500244140625 525.33001708984375 443.790008544921875 369.920013427734375 303.67999267578125 243.1300048828125 192.7299957275390625 147.410003662109375 102.0800018310546875 102.1999969482421875 102.1999969482421875 107.34999847412109375 112.1999969482421875 112.1999969482421875 111.54000091552734375 110.54000091552734375 112.1999969482421875 112.1999969482421875 109.23000335693359375 108.87999725341796875 108.839996337890625 103.87999725341796875 105.15000152587890625 105.54000091552734375 102.1999969482421875 102.1999969482421875 101.37000274658203125 99.19000244140625 94.8899993896484375 92.1999969482421875 91.1999969482421875 88.1999969482421875 83.76000213623046875 80.470001220703125 77.19000244140625 73.01000213623046875 68.62000274658203125 62.25 57.049999237060546875 51.43000030517578125 40.770000457763671875 20.3899993896484375 0 0
1141.489990234375 1026.5699462890625 917.91998291015625 813.28997802734375 713.59002685546875 619.1199951171875 529.739990234375 444.8599853515625 367.720001220703125 299.470001220703125 240.3300018310546875 188.07000732421875 139.2700042724609375 90.45999908447265625 102.1999969482421875 102.1999969482421875 98.95999908447265625 108.1999969482421875 112.25 119.779998779296875 117.1999969482421875 114.9199981689453125 113.1999969482421875 114.81999969482421875 119.3000030517578125 121.4499969482421875 118.4499969482421875 115.06999969482421875 111.8899993896484375 106.65000152587890625 102.1999969482421875 101.1999969482421875 98.18000030517578125 92.1999969482421875 92.56999969482421875 92.1999969482421875 89.1999969482421875 84.1999969482421875 81.3000030517578125 77.1999969482421875 73.90000152587890625 69.62000274658203125 62.25 58.049999237060546875 51.93000030517578125 40.939998626708984375 24.200000762939453125 12.100000381469726563 0
1134.219970703125 1019.739990234375 911.41998291015625 809.72998046875 715.010009765625 624.760009765625 540.010009765625 461.260009765625 388.399993896484375 320.600006103515625 256.3800048828125 193.9499969482421875 131.5200042724609375 123.6999969482421875 92.1999969482421875 99.1999969482421875 99.01999664306640625 105.73999786376953125 113.25 118.54000091552734375 120.76000213623046875 120.12000274658203125 114.94000244140625 115.1999969482421875 119.26999664306640625 121.3000030517578125 117.3000030517578125 114.65000152587890625 113.1999969482421875 110.029998779296875 105.73999786376953125 102.1999969482421875 99.1999969482421875 95.1699981689453125 92.1999969482421875 92.1999969482421875 89.1999969482421875 84.160003662109375 81.470001220703125 77.1999969482421875 73.1699981689453125 70.04000091552734375 63.240001678466796875 58.049999237060546875 51.770000457763671875 40.770000457763671875 20.3899993896484375 0 0
1170.97998046875 1055.6400146484375 945.95001220703125 840.03997802734375 739 643.69000244140625 554.79998779296875 472.739990234375 397.44000244140625 328.25 264.04998779296875 203.2899932861328125 144.2599945068359375 118.4199981689453125 92.5800018310546875 101.779998779296875 106.76999664306640625 109.40000152587890625 112.1999969482421875 119.54000091552734375 122.1999969482421875 122.1999969482421875 120.3600006103515625 116.81999969482421875 114.1999969482421875 113.01000213623046875 113.1999969482421875 115.1999969482421875 114.48000335693359375 114.05999755859375 112.1999969482421875 110.65000152587890625 104.18000030517578125 99.9499969482421875 95.279998779296875 92.1999969482421875 89.1999969482421875 84.76000213623046875 81.1999969482421875 77.3899993896484375 73.90000152587890625 69.51000213623046875 62.1699981689453125 56.8600006103515625 52.470001220703125 36.3899993896484375 18.190000534057617188 0 0
1101.52001953125 989.489990234375 884.07000732421875 782.9000244140625 689.92999267578125 601.3599853515625 517.780029296875 439.1300048828125 364.8800048828125 294.149993896484375 225.839996337890625 158.7299957275390625 91.62999725341796875 92.01000213623046875 98.589996337890625 105.98000335693359375 112.1999969482421875 112.1999969482421875 116.8300018310546875 122.1999969482421875 123.1999969482421875 123.1999969482421875 122.1999969482421875 120.4499969482421875 118.68000030517578125 117.1999969482421875 118.68000030517578125 121 121.1999969482421875 118.589996337890625 113.73999786376953125 111.1999969482421875 107.19000244140625 102.529998779296875 98.6100006103515625 94.1999969482421875 89.1999969482421875 84.76000213623046875 81.1999969482421875 78.19000244140625 73.90000152587890625 69.62000274658203125 62.340000152587890625 55.65000152587890625 47.770000457763671875 34.729999542236328125 17.3600006103515625 0 0
1146.47998046875 1032.9100341796875 925.0999755859375 821.260009765625 722.489990234375 629.41998291015625 542.19000244140625 460.529998779296875 383.75 310.850006103515625 240.6100006103515625 171.6999969482421875 102.8000030517578125 104.62999725341796875 108.6399993896484375 112.1999969482421875 112.1999969482421875 112.1999969482421875 112.279998779296875 121.1999969482421875 123.1999969482421875 127.8600006103515625 128.9600067138671875 126.95999908447265625 122.4499969482421875 121.95999908447265625 122.1999969482421875 122.1999969482421875 122.1999969482421875 121.029998779296875 115.279998779296875 112.1999969482421875 109.1999969482421875 102.8899993896484375 100.51000213623046875 96.1999969482421875 90.95999908447265625 86.62000274658203125 82.470001220703125 78.19000244140625 73.90000152587890625 69.62000274658203125 62.090000152587890625 55.090000152587890625 47.439998626708984375 33.200000762939453125 16.600000381469726563 0 0
1155.31005859375 1039.9200439453125 930.58001708984375 828 732.3499755859375 640.78997802734375 556.3599853515625 476.959991455078125 399.8599853515625 329.54998779296875 267.899993896484375 213.220001220703125 162.0399932861328125 110.84999847412109375 112.1999969482421875 112.1999969482421875 112.1999969482421875 112.1999969482421875 114.25 119.1999969482421875 122.8000030517578125 129.970001220703125 134.2100067138671875 133.2400054931640625 128.5200042724609375 123.279998779296875 122.1999969482421875 123.84999847412109375 123.23999786376953125 122.23999786376953125 120.8000030517578125 117.589996337890625 113.220001220703125 111.5500030517578125 104.220001220703125 100.23999786376953125 92.23999786376953125 88.1999969482421875 82.470001220703125 78.1999969482421875 73.90000152587890625 69.62000274658203125 62.299999237060546875 55.009998321533203125 46.159999847412109375 32.049999237060546875 16.020000457763671875 0 0
1185.8399658203125 1140.97998046875 1026.4200439453125 918.32000732421875 816.66998291015625 718.469970703125 625.1199951171875 537.53997802734375 456.040008544921875 380.260009765625 309.20001220703125 241.44000244140625 175.3300018310546875 109.23000335693359375 112.1999969482421875 113.1999969482421875 114.529998779296875 113.779998779296875 118.5800018310546875 121.529998779296875 122.1999969482421875 128.3000030517578125 133.1999969482421875 133.55999755859375 132.1999969482421875 131.17999267578125 129.529998779296875 129.529998779296875 128.529998779296875 127.34999847412109375 124.73999786376953125 121.95999908447265625 117.51999664306640625 112.43000030517578125 107.93000030517578125 103.1999969482421875 95.76999664306640625 90.76000213623046875 84.470001220703125 79.19000244140625 73.90000152587890625 69.90000152587890625 61.049999237060546875 54.049999237060546875 44.200000762939453125 29.1399993896484375 14.56999969482421875 0 0
1240.9100341796875 1122.3299560546875 1008.83001708984375 901.54998779296875 801.03997802734375 707.1199951171875 618.97998046875 534.66998291015625 455.69000244140625 382.600006103515625 314.839996337890625 250.92999267578125 188.9600067138671875 126.98999786376953125 112.1999969482421875 114.40000152587890625 121.8899993896484375 122.1999969482421875 122.1999969482421875 126.01999664306640625 129.19000244140625 132.720001220703125 134.80999755859375 136.100006103515625 136.80999755859375 136.399993896484375 134.80999755859375 132.1999969482421875 132.1999969482421875 130.7100067138671875 127.34999847412109375 122.3600006103515625 120.80999755859375 115.8899993896484375 111.970001220703125 105.98000335693359375 101.75 94.089996337890625 87.0800018310546875 80.8000030517578125 74.51000213623046875 67.779998779296875 60.340000152587890625 53.049999237060546875 42.200000762939453125 23.700000762939453125 11.850000381469726563 0 0
1284.260009765625 1162.5799560546875 1047.6500244140625 938.3499755859375 835.47998046875 739.20001220703125 646.80999755859375 559.5 478.1400146484375 403.44000244140625 335.44000244140625 273.25 215.19000244140625 159.17999267578125 103.18000030517578125 115.09999847412109375 113.79000091552734375 122.1999969482421875 122.1999969482421875 132.5399932861328125 135.100006103515625 139 141.100006103515625 142.1999969482421875 143.100006103515625 141.1999969482421875 138.1999969482421875 134.5500030517578125 132.1999969482421875 132.1999969482421875 129.69000244140625 123.45999908447265625 121.1999969482421875 117.8899993896484375 113.1999969482421875 108.31999969482421875 102.04000091552734375 95.8000030517578125 90.470001220703125 83.19000244140625 76.6399993896484375 70.04000091552734375 61.340000152587890625 53.049999237060546875 42.200000762939453125 22.700000762939453125 11.350000381469726563 0 0
1343.8299560546875 1219.75 1100.8199462890625 985.6099853515625 875.29998779296875 770.70001220703125 672.20001220703125 580.3900146484375 495.769989013671875 418.17999267578125 346.579986572265625 283.540008544921875 227.5500030517578125 175.100006103515625 122.65000152587890625 124.80999755859375 118.06999969482421875 116.37999725341796875 121.01999664306640625 134.8699951171875 141.5099945068359375 144.19000244140625 148.2400054931640625 150.7700042724609375 150.4499969482421875 144.1999969482421875 142.1999969482421875 137.589996337890625 133.1999969482421875 132.1999969482421875 131.1999969482421875 127.45999908447265625 122.1999969482421875 119.31999969482421875 115.1999969482421875 110.48000335693359375 103.220001220703125 97.76000213623046875 90.470001220703125 83.01000213623046875 78.6100006103515625 70.69000244140625 61.159999847412109375 53.020000457763671875 39.470001220703125 19.739999771118164063 0 0 0
1365.739990234375 1239.47998046875 1116.199951171875 997.17999267578125 883.53997802734375 776.1400146484375 675.510009765625 581.72998046875 494.459991455078125 415.290008544921875 344.279998779296875 279.3800048828125 217.529998779296875 173.1999969482421875 128.8699951171875 132.5800018310546875 126.720001220703125 124.589996337890625 121.12999725341796875 133.029998779296875 146.55999755859375 151.1999969482421875 157.2899932861328125 159.410003662109375 155.3699951171875 148.6199951171875 144.1300048828125 140.589996337890625 134.7700042724609375 128.279998779296875 128.0500030517578125 129.8000030517578125 129.149993896484375 121.51999664306640625 117.73999786376953125 111.8000030517578125 107.65000152587890625 102.5500030517578125 93.6699981689453125 87.19000244140625 79.6100006103515625 72.30999755859375 61.659999847412109375 52.200000762939453125 38.54000091552734375 19.270000457763671875 0 0 0
1323.8399658203125 1199.449951171875 1077.97998046875 960.6500244140625 848.3900146484375 741.71002197265625 640.77001953125 546.59002685546875 460.470001220703125 382.8599853515625 312.839996337890625 248.25 186.3800048828125 124.51000213623046875 136.5500030517578125 141 130.0800018310546875 133.9499969482421875 127.9499969482421875 124.87999725341796875 150.57000732421875 160.5 166.6300048828125 168.4799957275390625 161.6199951171875 150.1300048828125 145.1999969482421875 142.0500030517578125 137.1699981689453125 129.82000732421875 126.73999786376953125 125.76000213623046875 121.1999969482421875 118.720001220703125 115.45999908447265625 111.09999847412109375 107.1999969482421875 103.089996337890625 98.01999664306640625 88.19000244140625 80.0800018310546875 68.73000335693359375 62.200000762939453125 51.950000762939453125 36.54000091552734375 18.270000457763671875 0 0 0
1240.719970703125 1121.800048828125 1008.08001708984375 899.71002197265625 794.469970703125 692.84002685546875 596.1300048828125 505.989990234375 423.20001220703125 347.1400146484375 275.970001220703125 207.2400054931640625 138.5099945068359375 128.4799957275390625 129.1999969482421875 145.1100006103515625 142.1999969482421875 147.1300048828125 152.44000244140625 151.529998779296875 152.6199951171875 186.3800048828125 188.0099945068359375 177.7100067138671875 172.4799957275390625 155.0500030517578125 146.1999969482421875 141.57000732421875 136.17999267578125 130.8000030517578125 126.70999908447265625 124.1999969482421875 123.15000152587890625 119.87000274658203125 117.1699981689453125 118.26000213623046875 116.1999969482421875 108.40000152587890625 101.54000091552734375 93.15000152587890625 83.6100006103515625 71.48999786376953125 60.200000762939453125 47.229999542236328125 37.990001678466796875 19 0 0 0
1167.5400390625 1051.050048828125 940.719970703125 837.04998779296875 740.25 649.71002197265625 565.3599853515625 487.019989013671875 413.1300048828125 346.1400146484375 281.079986572265625 216.9900054931640625 152.899993896484375 139.67999267578125 154.3300018310546875 153.589996337890625 157.899993896484375 170.8899993896484375 174.399993896484375 192.69000244140625 205.7400054931640625 210.6100006103515625 210.3899993896484375 194.7599945068359375 179.5 157.350006103515625 145.8899993896484375 139.0099945068359375 132.1699981689453125 128.7700042724609375 124.73999786376953125 123.1999969482421875 121.5800018310546875 118.1999969482421875 117.51999664306640625 117.59999847412109375 114.76999664306640625 109.76000213623046875 104.970001220703125 96.470001220703125 83.80999755859375 73.3300018310546875 61.200000762939453125 45.6399993896484375 28.100000381469726563 14.050000190734863281 0 0 0
1121.5 995.719970703125 953.489990234375 865.1400146484375 767.260009765625 674.760009765625 588.760009765625 508.220001220703125 431.709991455078125 355.209991455078125 278.70001220703125 202.19000244140625 200.55999755859375 168.0399932861328125 189.6300048828125 199.970001220703125 207.6699981689453125 210.839996337890625 213.0399932861328125 214.7700042724609375 217.2899932861328125 220.899993896484375 214.69000244140625 208.17999267578125 190.42999267578125 172.2599945068359375 148.1999969482421875 138.6300048828125 132.350006103515625 128.8000030517578125 125.839996337890625 119.80999755859375 117.19000244140625 117.59999847412109375 115.1999969482421875 115.48000335693359375 114.1399993896484375 111.62000274658203125 106.95999908447265625 103.160003662109375 85.31999969482421875 73.69000244140625 59.3600006103515625 44.810001373291015625 26.260000228881835938 13.130000114440917969 0 0 0
1160.1700439453125 1031.8199462890625 1065.75 969.07000732421875 880.42999267578125 780.78997802734375 687.3800048828125 596.22998046875 505.1199951171875 414.04998779296875 323.010009765625 231.9600067138671875 226.6300048828125 222.8699951171875 228.57000732421875 234.160003662109375 221.089996337890625 227.05999755859375 234.0099945068359375 242.17999267578125 248.25 244.7299957275390625 246.399993896484375 242.600006103515625 214.089996337890625 173.2100067138671875 148.32000732421875 138.25 134.17999267578125 129.92999267578125 129.8000030517578125 124.339996337890625 117.29000091552734375 115.31999969482421875 118.0800018310546875 117.410003662109375 113.04000091552734375 107.76000213623046875 107.23000335693359375 105.05999755859375 87.339996337890625 76.089996337890625 60.70999908447265625 43.049999237060546875 23.979999542236328125 11.989999771118164063 0 0 0
1058.3399658203125 1067.9200439453125 1080.3800048828125 1081.699951171875 993.6099853515625 886.80999755859375 764.92999267578125 650.8800048828125 536.97998046875 423.149993896484375 309.32000732421875 309.3699951171875 285.920013427734375 277.70001220703125 270.45001220703125 266.600006103515625 287.019989013671875 260.3900146484375 277.959991455078125 283.029998779296875 273.720001220703125 270.480010986328125 253.75 234.0099945068359375 212.9199981689453125 193.089996337890625 156.8600006103515625 140.470001220703125 126.279998779296875 132.1399993896484375 130.57000732421875 115.529998779296875 110.720001220703125 118.04000091552734375 116.37000274658203125 114.37000274658203125 112.51000213623046875 107.84999847412109375 107.1999969482421875 103.529998779296875 86.970001220703125 73.1999969482421875 58.34999847412109375 39.060001373291015625 19.530000686645507813 0 0 0 0
1169.949951171875 1122.1300048828125 1076.9000244140625 1120.0999755859375 1106.780029296875 992.8900146484375 876.3699951171875 760.1300048828125 644.1199951171875 528.260009765625 412.470001220703125 351.989990234375 310.20001220703125 300.470001220703125 297.720001220703125 338.220001220703125 352.959991455078125 334.350006103515625 321.8900146484375 314.1400146484375 321.579986572265625 305.1400146484375 273.420013427734375 234.32000732421875 204.0099945068359375 184.0399932861328125 167.1999969482421875 145.220001220703125 133.0399932861328125 133.5 129.75 125.76999664306640625 91.79000091552734375 112.6100006103515625 116.160003662109375 113.31999969482421875 115.1399993896484375 112.81999969482421875 109.29000091552734375 99.20999908447265625 86.6100006103515625 74.65000152587890625 57.549999237060546875 39.1399993896484375 19.56999969482421875 0 0 0 0
