GISData/inundation/SeasideOR_A.asc
ncols        250
nrows        350
xllcorner    -128.010000000000
yllcorner    43.000000000000
cellsize     0.020000000000
NODATA_value  -9.9999997902147679536e+33
[rows 220 to 241 of 350, columns 147 to 195 of 250]
1565.969970703125 1625.6500244140625 1637.5699462890625 1635.0799560546875 1584.5799560546875 1447.800048828125 1461.6199951171875 1442.56005859375 1391.43994140625 1330.719970703125 1203.1199951171875 1075.5799560546875 948.09002685546875 820.6500244140625 693.239990234375 565.84002685546875 438.45001220703125 438.010009765625 426.850006103515625 423.540008544921875 421.089996337890625 417.6300048828125 413.45001220703125 385.579986572265625 383.209991455078125 373.540008544921875 326.399993896484375 271.6099853515625 235.55999755859375 222.2700042724609375 211.029998779296875 201.4600067138671875 193.92999267578125 185.7400054931640625 179.3600006103515625 164.9600067138671875 162.25 156.6999969482421875 151.8300018310546875 147.19000244140625 142.899993896484375 137.4799957275390625 130.1199951171875 120.01999664306640625 110.5800018310546875 96.30999755859375 88.1999969482421875 82.1999969482421875 64.9499969482421875
1619.1400146484375 1630.949951171875 1641.6600341796875 1638.6800537109375 1606.3299560546875 1482.2099609375 1482.3900146484375 1427.8699951171875 1376.3499755859375 1294 1172.9300537109375 1057.0799560546875 941.239990234375 825.40997314453125 709.59002685546875 593.780029296875 477.959991455078125 460.45001220703125 440.149993896484375 432.6300048828125 430.3699951171875 429.019989013671875 445.040008544921875 403.959991455078125 410.29998779296875 409.399993896484375 379.970001220703125 314.79998779296875 261.089996337890625 233.779998779296875 218.3899993896484375 205.7899932861328125 198.1699981689453125 188.9199981689453125 181.029998779296875 165.279998779296875 163.55999755859375 161.6300048828125 159.25 149.220001220703125 142.1999969482421875 139.6300048828125 131.470001220703125 120.90000152587890625 110.8000030517578125 97.79000091552734375 89.23999786376953125 81.6699981689453125 71.220001220703125
1636.0799560546875 1638.5400390625 1642.699951171875 1644.97998046875 1577.219970703125 1497.3399658203125 1475.6199951171875 1428.0999755859375 1347.5799560546875 1228.010009765625 1123.8499755859375 1011.21002197265625 901.530029296875 791.84002685546875 682.1500244140625 572.46002197265625 462.769989013671875 483.20001220703125 458.769989013671875 444.829986572265625 434.44000244140625 430.589996337890625 443.149993896484375 456.510009765625 457.079986572265625 448.04998779296875 425.989990234375 354.720001220703125 283.459991455078125 248.82000732421875 229.1399993896484375 213.2100067138671875 201.1999969482421875 190.8899993896484375 185.1999969482421875 176.3600006103515625 169.67999267578125 165.4900054931640625 160.8800048828125 156.5099945068359375 145.92999267578125 137.720001220703125 132.2899932861328125 123.09999847412109375 114.089996337890625 101.8000030517578125 92.1999969482421875 86.62999725341796875 80.80999755859375
1642.1700439453125 1639.8299560546875 1644.02001953125 1648.199951171875 1645.0799560546875 1582.2099609375 1464.4100341796875 1412.0899658203125 1286.699951171875 1169.72998046875 1074.6500244140625 989.25 865.70001220703125 742.1400146484375 618.59002685546875 594 517.42999267578125 489.6400146484375 474.850006103515625 458.399993896484375 445.970001220703125 439.07000732421875 446.970001220703125 461.75 468.709991455078125 467.989990234375 458.730010986328125 408.790008544921875 336.029998779296875 263.269989013671875 236.25 217.32000732421875 203.8000030517578125 195.5800018310546875 187.2100067138671875 181.92999267578125 174.910003662109375 170.3600006103515625 165.3600006103515625 161.779998779296875 152.029998779296875 141.9900054931640625 131.9900054931640625 123.31999969482421875 112.59999847412109375 104.76999664306640625 94.1999969482421875 89.089996337890625 81.029998779296875
1640.31005859375 1637.3399658203125 1643.199951171875 1651.0400390625 1650.489990234375 1626.3299560546875 1487.699951171875 1349.0799560546875 1210.449951171875 1104.6300048828125 1030.4000244140625 944.32000732421875 833.6500244140625 722.989990234375 612.32000732421875 580.83001708984375 496.160003662109375 496.670013427734375 490.8599853515625 475.970001220703125 463.29998779296875 457.970001220703125 455.3699951171875 465.260009765625 473.739990234375 475.20001220703125 469.170013427734375 439.25 367.209991455078125 295.170013427734375 247.80999755859375 221.8600006103515625 205.1999969482421875 194.32000732421875 187.6100006103515625 182.32000732421875 178.0399932861328125 172.600006103515625 167.7100067138671875 163.07000732421875 155.4900054931640625 147.970001220703125 137.4600067138671875 127.80999755859375 117.660003662109375 108.65000152587890625 95.1999969482421875 82.75 72.68000030517578125
1632.300048828125 1636.1600341796875 1631.5 1647.4100341796875 1652.1099853515625 1590.31005859375 1444.8199462890625 1299.3199462890625 1153.8199462890625 1083.219970703125 1016.489990234375 909.3599853515625 806.030029296875 702.70001220703125 599.3699951171875 568.20001220703125 532.82000732421875 497.44000244140625 510.44000244140625 499.3800048828125 485.989990234375 476.720001220703125 471.55999755859375 472.92999267578125 478.6300048828125 479.160003662109375 476.3699951171875 462.660003662109375 392.1400146484375 321.6199951171875 266.8699951171875 229.660003662109375 208.1999969482421875 196.1999969482421875 190.1999969482421875 185.1999969482421875 180.3699951171875 176.7599945068359375 171.470001220703125 166.3699951171875 159.8300018310546875 152.5500030517578125 140.3000030517578125 130.0500030517578125 120.76999664306640625 111.660003662109375 98.1999969482421875 84.56999969482421875 72.1399993896484375
1632.77001953125 1625.030029296875 1595.719970703125 1646.1199951171875 1626.219970703125 1484.8900146484375 1343.56005859375 1202.22998046875 1108.8499755859375 1056.449951171875 1011.3900146484375 937.20001220703125 823.28997802734375 709.3800048828125 595.469970703125 566.30999755859375 480.3900146484375 496.3699951171875 512.34002685546875 530.55999755859375 504.04998779296875 493.660003662109375 483.20001220703125 481.279998779296875 483.20001220703125 478.75 474.160003662109375 464.8699951171875 418.980010986328125 352.1099853515625 285.230010986328125 240.17999267578125 212.660003662109375 198.1999969482421875 189.75 185.1999969482421875 182.0399932861328125 178.4499969482421875 174.07000732421875 169.19000244140625 162.67999267578125 154.3000030517578125 141.6100006103515625 132.0500030517578125 122.30999755859375 112.160003662109375 100.1999969482421875 87.30999755859375 75.5
1620.5699462890625 1578.77001953125 1566.0799560546875 1578.0899658203125 1518.050048828125 1385.8800048828125 1253.7099609375 1121.5400390625 1061.739990234375 1023.57000732421875 992.34002685546875 938.260009765625 864.0999755859375 761.6500244140625 689.27001953125 618.9000244140625 527.8900146484375 436.8800048828125 422.100006103515625 433.82000732421875 496.8599853515625 509.3900146484375 492.149993896484375 465.92999267578125 457.67999267578125 464.010009765625 461.8800048828125 458.019989013671875 438.470001220703125 383.100006103515625 314.510009765625 258.670013427734375 222.67999267578125 208.1999969482421875 192.1999969482421875 185.1999969482421875 182.0399932861328125 179.279998779296875 175.470001220703125 171.9199981689453125 165.6399993896484375 157.5099945068359375 143.6100006103515625 134.0099945068359375 123.660003662109375 111.69000244140625 99.1999969482421875 86.44000244140625 79.37000274658203125
1630.1400146484375 1582.2099609375 1485.260009765625 1480.27001953125 1432.469970703125 1386.780029296875 1241.0400390625 1095.300048828125 1046.219970703125 981.20001220703125 952.09002685546875 903.59002685546875 841.989990234375 766.489990234375 701.97998046875 643.260009765625 557.260009765625 471.260009765625 447.67999267578125 424.089996337890625 434.80999755859375 458.6300048828125 467.649993896484375 441.1400146484375 434.579986572265625 438.209991455078125 442.779998779296875 444.1099853515625 436.3800048828125 403.05999755859375 349.30999755859375 286.67999267578125 241.3300018310546875 214.25 199.25 188.25 181.3800048828125 178.220001220703125 176.470001220703125 173.19000244140625 167.899993896484375 160.6199951171875 150.470001220703125 134.899993896484375 124.31999969482421875 112.76999664306640625 101.1999969482421875 91.9199981689453125 86.05999755859375
1587.5 1548.31005859375 1409.7900390625 1432.239990234375 1398.8199462890625 1360.6400146484375 1224.260009765625 1087.8800048828125 1021.80999755859375 948.66998291015625 886.1400146484375 872.3699951171875 824.25 763.760009765625 703.34002685546875 653.6500244140625 613.66998291015625 497.829986572265625 485.760009765625 473.69000244140625 451.839996337890625 429.980010986328125 438.660003662109375 407.55999755859375 406.720001220703125 418.6300048828125 424.239990234375 426.779998779296875 426.010009765625 413.209991455078125 374.75 322.04998779296875 269.80999755859375 227.80999755859375 207.80999755859375 195.80999755859375 183.350006103515625 179.7599945068359375 177.6999969482421875 174.19000244140625 168.899993896484375 161.75 151.470001220703125 135.899993896484375 123.76999664306640625 112.48000335693359375 103.1999969482421875 93.62999725341796875 85.05999755859375
1630.8199462890625 1590.5699462890625 1465.6400146484375 1419.6800537109375 1419.719970703125 1304.449951171875 1178.1700439453125 1088.4100341796875 1030.6099853515625 910.42999267578125 853.78997802734375 807.27001953125 811.19000244140625 748.28997802734375 679.719970703125 639.3499755859375 515.469970703125 539.75 471.670013427734375 438.92999267578125 378.32000732421875 425.1400146484375 411.8699951171875 386.82000732421875 380.69000244140625 399.3599853515625 408.160003662109375 411.790008544921875 413.779998779296875 407.010009765625 386.899993896484375 350.3900146484375 300.739990234375 251.7400054931640625 217.970001220703125 201.1999969482421875 188.1199951171875 181.350006103515625 178.470001220703125 174.19000244140625 169.4900054931640625 162.6199951171875 152.5500030517578125 137.899993896484375 125.589996337890625 112.76999664306640625 102.1999969482421875 92.62999725341796875 85.05999755859375
1635.0899658203125 1551.5400390625 1456.8599853515625 1492.2900390625 1400.9599609375 1262.0899658203125 1177.0799560546875 1121.0799560546875 1079.2900390625 955.6400146484375 831.989990234375 708.34002685546875 740.83001708984375 672.15997314453125 618.8800048828125 569.5999755859375 515.280029296875 492.989990234375 516.6500244140625 474.260009765625 438.100006103515625 419.089996337890625 407.92999267578125 390.19000244140625 359.079986572265625 383.529998779296875 400.239990234375 401.730010986328125 404.220001220703125 400.149993896484375 388.95001220703125 365.329986572265625 326.95001220703125 279.82000732421875 232.9499969482421875 209.0800018310546875 193.7700042724609375 183.7599945068359375 178.55999755859375 175.19000244140625 169.899993896484375 163.25 154.470001220703125 139.0500030517578125 127.339996337890625 114.76999664306640625 103.06999969482421875 92.9199981689453125 88.01000213623046875
1631.050048828125 1492.4000244140625 1534.27001953125 1502.550048828125 1338.9300537109375 1175.31005859375 1140.6800537109375 1025.5400390625 955.59002685546875 916.22998046875 857.84002685546875 756.82000732421875 670.46002197265625 679.69000244140625 587.9000244140625 549.760009765625 546.83001708984375 493.010009765625 506.30999755859375 492.6300048828125 461.329986572265625 427.920013427734375 414.170013427734375 403.660003662109375 384.20001220703125 387.600006103515625 398.579986572265625 402.529998779296875 401.339996337890625 397 388.20001220703125 376.350006103515625 348.519989013671875 304.670013427734375 256.519989013671875 220.5200042724609375 200.0099945068359375 187.839996337890625 179.6300048828125 176.1999969482421875 170.899993896484375 164.6199951171875 155.339996337890625 140.899993896484375 128.7700042724609375 117.720001220703125 105.1999969482421875 92.62999725341796875 83.54000091552734375
1632.5999755859375 1594.3499755859375 1585.199951171875 1447.8699951171875 1310.5400390625 1173.2099609375 1035.8800048828125 898.54998779296875 881.95001220703125 911.46002197265625 850.010009765625 798.82000732421875 723.78997802734375 664.96002197265625 577.9000244140625 536.28997802734375 539.760009765625 475.92999267578125 505.329986572265625 494.410003662109375 474.779998779296875 450.8699951171875 431.44000244140625 418.6099853515625 410.470001220703125 404.6199951171875 402.899993896484375 400.980010986328125 402.149993896484375 398.660003662109375 392.489990234375 381.899993896484375 363.6400146484375 326.6400146484375 276.079986572265625 233.6399993896484375 208.160003662109375 191.7599945068359375 182.1999969482421875 178.75 172.3000030517578125 165.600006103515625 156.470001220703125 140.899993896484375 129.339996337890625 117.76999664306640625 107.1999969482421875 93.05999755859375 78.62000274658203125
1634.760009765625 1629.199951171875 1572.5799560546875 1428 1283.4200439453125 1138.8499755859375 1089.260009765625 957.219970703125 825.17999267578125 850.32000732421875 807.90997314453125 750.69000244140625 734.780029296875 670.34002685546875 594.82000732421875 542.8699951171875 545.6500244140625 472.94000244140625 501.45001220703125 498.589996337890625 486.30999755859375 471.839996337890625 454.089996337890625 439.55999755859375 428.07000732421875 417.8800048828125 410.600006103515625 407.20001220703125 405.010009765625 400.029998779296875 395.739990234375 387.720001220703125 375.92999267578125 346.3800048828125 302.3800048828125 244.589996337890625 212.92999267578125 196.1999969482421875 186.1999969482421875 180.19000244140625 173.899993896484375 167.6199951171875 157.470001220703125 141.6300048828125 129.649993896484375 116.95999908447265625 104.1999969482421875 86.62000274658203125 76.48000335693359375
1629.219970703125 1626.93994140625 1481.280029296875 1335.6199951171875 1189.9599609375 1157.489990234375 1066.6800537109375 1008.27001953125 905.4000244140625 855.78997802734375 785.47998046875 726.58001708984375 716.40997314453125 667.8800048828125 613.07000732421875 551.03997802734375 547.4000244140625 520 488.260009765625 508.209991455078125 500.589996337890625 485.529998779296875 470.850006103515625 457.290008544921875 442.730010986328125 433.19000244140625 421.589996337890625 412.010009765625 407.32000732421875 404.029998779296875 399.739990234375 393.470001220703125 382.20001220703125 367.230010986328125 319.30999755859375 259.339996337890625 220.2299957275390625 200.2100067138671875 189.2100067138671875 182.1699981689453125 175.600006103515625 167.6300048828125 158.470001220703125 141.910003662109375 129.7700042724609375 115.76999664306640625 100.19000244140625 82.62999725341796875 76.19000244140625
1616.25 1564.6199951171875 1392.8399658203125 1221.050048828125 1167.56005859375 1106.8800048828125 1037.1500244140625 999.22998046875 940.469970703125 874.719970703125 822.71002197265625 760.45001220703125 711.71002197265625 680.80999755859375 630.6400146484375 563.77001953125 517.469970703125 509.769989013671875 488.70001220703125 451.8599853515625 507.230010986328125 499.3900146484375 481.1199951171875 467.8900146484375 454.80999755859375 444.399993896484375 433.170013427734375 423.100006103515625 414.55999755859375 407.029998779296875 403.6099853515625 397.5 386.790008544921875 376.649993896484375 347.029998779296875 287.760009765625 228.5 204.1999969482421875 190.5 182.19000244140625 175.899993896484375 168.2100067138671875 158.1999969482421875 143.1999969482421875 130.339996337890625 116.76999664306640625 102.6100006103515625 76.76999664306640625 65.339996337890625
1561.800048828125 1478.300048828125 1381.75 1244.9599609375 1108.1700439453125 1058.0799560546875 1022.33001708984375 982.57000732421875 920.469970703125 906.5 869.1300048828125 821.46002197265625 750.07000732421875 701.45001220703125 648.219970703125 586.9000244140625 549.3800048828125 522.780029296875 533.5 427.75 425.089996337890625 487.3800048828125 475.44000244140625 464.95001220703125 454.8699951171875 447.57000732421875 437.739990234375 427.339996337890625 420.25 410.25 406.32000732421875 400.30999755859375 394.730010986328125 382.290008544921875 363.709991455078125 301.029998779296875 238.3600006103515625 207.779998779296875 192.6300048828125 183.19000244140625 175.5 168.1999969482421875 159.1999969482421875 145.899993896484375 132.0099945068359375 115.76999664306640625 96.1999969482421875 73.05999755859375 59.060001373291015625
1474.5400390625 1404.3399658203125 1335.6400146484375 1242 1118.5799560546875 995.16998291015625 968.91998291015625 958.760009765625 925.08001708984375 879.54998779296875 867.32000732421875 838.8800048828125 774.66998291015625 707.510009765625 654.8699951171875 578.41998291015625 561.04998779296875 530.3900146484375 530.34002685546875 498.6099853515625 409.79998779296875 453.850006103515625 456.57000732421875 453.07000732421875 448.589996337890625 443.1300048828125 435.8800048828125 428.589996337890625 423.30999755859375 413.6199951171875 407.600006103515625 402.20001220703125 396.220001220703125 388.44000244140625 375.3599853515625 329.239990234375 270.149993896484375 211.05999755859375 194.1999969482421875 182.1999969482421875 175.1999969482421875 168.1999969482421875 159.1999969482421875 143.0399932861328125 131.7100067138671875 116.76999664306640625 98.3300018310546875 72.05999755859375 58.549999237060546875
1410.4300537109375 1325.8299560546875 1277.8800048828125 1172.6300048828125 1089.530029296875 985.739990234375 919.34002685546875 852.79998779296875 868.719970703125 819.32000732421875 806.8699951171875 788.66998291015625 744.239990234375 693.8800048828125 649.5 615.1400146484375 578.3800048828125 547.8800048828125 534.28997802734375 525.239990234375 402.67999267578125 405.269989013671875 413.029998779296875 428.5 432.8800048828125 431.839996337890625 425.589996337890625 419.3900146484375 415.279998779296875 409.3599853515625 407.05999755859375 400.67999267578125 394.8900146484375 388.579986572265625 379.3599853515625 343.57000732421875 279.029998779296875 214.4900054931640625 193.0500030517578125 182.1999969482421875 175.1999969482421875 168.1999969482421875 159.1999969482421875 147.30999755859375 130.5399932861328125 114.05999755859375 91.339996337890625 73.48999786376953125 64.6399993896484375
1384.3800048828125 1263.3900146484375 1133.22998046875 1003.07000732421875 1041.1400146484375 931.67999267578125 822.219970703125 746.83001708984375 827.27001953125 798 762.52001953125 737.84002685546875 705.25 655.989990234375 633.07000732421875 609.22998046875 585.989990234375 559.55999755859375 540.95001220703125 528.1500244140625 447.67999267578125 367.209991455078125 356.239990234375 379.8800048828125 394.8900146484375 402.3699951171875 401.730010986328125 399.32000732421875 394.089996337890625 393.209991455078125 394.6099853515625 393.1099853515625 387.8900146484375 385.290008544921875 375.779998779296875 346.75 281.079986572265625 215.4199981689453125 194.0099945068359375 182.1999969482421875 175.1999969482421875 168.1999969482421875 159.1999969482421875 142.1999969482421875 128.1999969482421875 111.1999969482421875 93.1999969482421875 80.75 77.1999969482421875
1394.3199462890625 1274.969970703125 1153.3699951171875 1031.77001953125 972.32000732421875 917.969970703125 794.489990234375 783.71002197265625 802.42999267578125 728.0999755859375 744.989990234375 711.55999755859375 676.1199951171875 619.030029296875 592.9000244140625 526.8900146484375 564.010009765625 578.09002685546875 555.489990234375 539.47998046875 529.3900146484375 452.8699951171875 376.350006103515625 352.730010986328125 357.75 361.029998779296875 364.290008544921875 369.959991455078125 381.6400146484375 375.20001220703125 375.779998779296875 376.05999755859375 377.769989013671875 374.17999267578125 366.989990234375 333.1300048828125 274.279998779296875 215.4199981689453125 193.92999267578125 182.1999969482421875 174.1999969482421875 167.1999969482421875 156.3800048828125 141.1999969482421875 128.4900054931640625 113.910003662109375 99.1999969482421875 89.910003662109375 79.910003662109375
