GISData/inundation/SeasideOR_A.asc
ncols        250
nrows        350
xllcorner    -128.010000000000
yllcorner    43.000000000000
cellsize     0.020000000000
NODATA_value  -9.9999997902147679536e+33
[rows 88 to 109 of 350, columns 98 to 146 of 250]
928.719970703125 880.5999755859375 832.489990234375 735.280029296875 750.8699951171875 748.45001220703125 658.010009765625 575.59002685546875 512.8499755859375 536.46002197265625 621.4000244140625 583.57000732421875 604.02001953125 550.15997314453125 581.42999267578125 542.19000244140625 553.1199951171875 457.720001220703125 433.989990234375 361.8699951171875 292.42999267578125 223 173.9600067138671875 154.07000732421875 151.7599945068359375 151.4799957275390625 145.600006103515625 146.1999969482421875 140.2400054931640625 131.94000244140625 125.65000152587890625 118.1399993896484375 109.48000335693359375 104.30999755859375 104.6399993896484375 103.73000335693359375 109.81999969482421875 141.5 118.6999969482421875 117.69000244140625 169.4900054931640625 221.2899932861328125 208.279998779296875 147.57000732421875 135.0800018310546875 122.589996337890625 121.48000335693359375 167.0500030517578125 192.529998779296875
946.260009765625 849.82000732421875 823.02001953125 797.96002197265625 773.96002197265625 718.02001953125 631.08001708984375 706.58001708984375 644.3699951171875 644.760009765625 709.92999267578125 670.489990234375 692.55999755859375 633.0999755859375 667.05999755859375 625.4000244140625 636.53997802734375 533.47998046875 510.670013427734375 435.3599853515625 366.07000732421875 296.779998779296875 227.4900054931640625 158.1999969482421875 155.7599945068359375 155.149993896484375 152.3800048828125 147.1100006103515625 142.75 134.6399993896484375 125.910003662109375 116.80999755859375 110.76000213623046875 106.470001220703125 105.8899993896484375 113.1999969482421875 131.9600067138671875 115.18000030517578125 113.76000213623046875 153.4199981689453125 182.0200042724609375 232.3300018310546875 221.3000030517578125 176.7899932861328125 132.2700042724609375 122.160003662109375 121.1999969482421875 172.1100006103515625 223.029998779296875
963.79998779296875 945.41998291015625 871.44000244140625 789.8599853515625 749.8499755859375 712.6199951171875 778.1400146484375 837.57000732421875 775.8900146484375 753.04998779296875 805.08001708984375 763.57000732421875 786.83001708984375 723.1199951171875 758.6099853515625 658.02001953125 673.67999267578125 587.94000244140625 507.42999267578125 433.25 363.94000244140625 294.649993896484375 225.3600006103515625 156.0800018310546875 155.1999969482421875 152.4900054931640625 150.1999969482421875 145.5099945068359375 142.3699951171875 132.5099945068359375 125.44000244140625 118.23999786376953125 114.1999969482421875 110.70999908447265625 108.0500030517578125 108.73999786376953125 136.7899932861328125 153.8300018310546875 146.1300048828125 204.279998779296875 238.7299957275390625 251.5200042724609375 222.3300018310546875 169.3699951171875 116.40000152587890625 121.01000213623046875 122.0500030517578125 171.6199951171875 221.1999969482421875
1018.78997802734375 994.70001220703125 929.16998291015625 929.03997802734375 905.3900146484375 877.780029296875 925.21002197265625 968.57000732421875 907.40997314453125 861.3499755859375 906.15997314453125 862.04998779296875 887.33001708984375 750.8800048828125 777.8800048828125 684.84002685546875 597.41998291015625 515.469970703125 440.04998779296875 370.1300048828125 300.209991455078125 228.92999267578125 158.5500030517578125 155.07000732421875 152.94000244140625 145.55999755859375 148 151.07000732421875 141.3699951171875 130.7299957275390625 124.65000152587890625 119.26000213623046875 116.95999908447265625 113.1999969482421875 113.8899993896484375 115.20999908447265625 173.30999755859375 189.0500030517578125 178.5099945068359375 223.589996337890625 268.67999267578125 270.70001220703125 223.3600006103515625 179.69000244140625 159.7400054931640625 125.410003662109375 124.48000335693359375 195.8899993896484375 219.3699951171875
1114.8900146484375 1129.6800537109375 1080.9200439453125 1068.22998046875 1060.9300537109375 1042.949951171875 1072.27001953125 1099.5699462890625 1038.9300537109375 969.6500244140625 931.29998779296875 902.34002685546875 899.72998046875 797.77001953125 702.66998291015625 614.41998291015625 532.1400146484375 456.290008544921875 383.029998779296875 309.760009765625 236.4900054931640625 163.220001220703125 154.2299957275390625 147.1999969482421875 144.94000244140625 145.7899932861328125 145.8600006103515625 148.5099945068359375 142.2299957275390625 129.82000732421875 118.9199981689453125 115.12999725341796875 113.1999969482421875 114.37000274658203125 113.62000274658203125 120.12000274658203125 174.32000732421875 206.9199981689453125 203.7100067138671875 272.80999755859375 259.6199951171875 267.79998779296875 292.779998779296875 214.75 203.089996337890625 188.3899993896484375 192.80999755859375 238.899993896484375 178.3000030517578125
1166.260009765625 1264.6600341796875 1232.6600341796875 1207.4200439453125 1216.47998046875 1208.1199951171875 1219.3399658203125 1230.5699462890625 1063.9000244140625 1080.1400146484375 953.1099853515625 953.9000244140625 850.72998046875 753.57000732421875 662.3900146484375 577.45001220703125 493.010009765625 408.57000732421875 324.1300048828125 307.739990234375 234.9799957275390625 162.220001220703125 152.1999969482421875 145.94000244140625 141.6100006103515625 140.1999969482421875 141.1999969482421875 143.1999969482421875 138.5399932861328125 130.4900054931640625 122.26999664306640625 113.1999969482421875 112.93000030517578125 113.87999725341796875 118.90000152587890625 125.87000274658203125 175.3300018310546875 224.779998779296875 239.720001220703125 283.94000244140625 283.32000732421875 281.279998779296875 268.3800048828125 249.80999755859375 250.589996337890625 251.3699951171875 261.1400146484375 250.25 191.1699981689453125
1297.030029296875 1264.550048828125 1232.0699462890625 1229.0799560546875 1218.5 1195.010009765625 1168.6199951171875 1198.0400390625 1088.8699951171875 1058.4599609375 943.469970703125 828.47998046875 713.5 685.91998291015625 595.97998046875 614.45001220703125 529.1199951171875 443.790008544921875 358.459991455078125 312.44000244140625 240.82000732421875 169.1999969482421875 157.17999267578125 152.6300048828125 146.19000244140625 144.0500030517578125 141.17999267578125 138.1999969482421875 135.1999969482421875 128.92999267578125 120.12000274658203125 117.1999969482421875 115.31999969482421875 179.3800048828125 178.7700042724609375 181.0099945068359375 186.9600067138671875 235.82000732421875 268.32000732421875 313.089996337890625 321.67999267578125 256.399993896484375 191.1300048828125 199.75 189.4600067138671875 212.529998779296875 223.19000244140625 218.3000030517578125 213.410003662109375
1427.800048828125 1368.68994140625 1231.469970703125 1250.739990234375 1220.52001953125 1181.8900146484375 1116.7099609375 1081.6199951171875 964.70001220703125 930.28997802734375 858.260009765625 808.83001708984375 727.03997802734375 642.65997314453125 598.53997802734375 652.5999755859375 570.80999755859375 541.79998779296875 453.760009765625 396.57000732421875 322.589996337890625 250.160003662109375 214.899993896484375 162.7599945068359375 157.6199951171875 149.8300018310546875 144.3600006103515625 138.7700042724609375 131.9600067138671875 125.94000244140625 120.1999969482421875 178.55999755859375 182.8699951171875 244.8800048828125 238.6399993896484375 208.350006103515625 189.2599945068359375 249.9499969482421875 279.8900146484375 283.230010986328125 262.910003662109375 200 207.2599945068359375 149.6999969482421875 128.3300018310546875 174.1399993896484375 177.67999267578125 205.6300048828125 258.230010986328125
1449.3699951171875 1313.9599609375 1178.550048828125 1243.22998046875 1163.949951171875 1094.1500244140625 1089.8900146484375 965.21002197265625 840.52001953125 802.1300048828125 869.08001708984375 842.34002685546875 726.29998779296875 757.489990234375 710.1300048828125 772.3900146484375 693.4000244140625 639.80999755859375 549.07000732421875 480.709991455078125 404.350006103515625 331.1199951171875 272.6099853515625 171.42999267578125 166.3699951171875 160.779998779296875 153.149993896484375 144.3000030517578125 136.7899932861328125 126.48999786376953125 181.25 239.910003662109375 250.4199981689453125 310.3800048828125 298.519989013671875 278.6199951171875 242.5800018310546875 243.3699951171875 216.2700042724609375 215.25 204.1399993896484375 143.600006103515625 142.3000030517578125 141.05999755859375 139.3000030517578125 135.75 132.160003662109375 169.149993896484375 196.220001220703125
1596.3800048828125 1495.800048828125 1363.6600341796875 1235.52001953125 1107.3699951171875 1123.9100341796875 1063.0699462890625 1013.46002197265625 857.20001220703125 828.19000244140625 879.90997314453125 875.8599853515625 892.84002685546875 872.32000732421875 821.72998046875 892.19000244140625 816 737.82000732421875 644.3800048828125 564.8499755859375 485.3699951171875 412.1400146484375 330.3800048828125 248.6699981689453125 171.1999969482421875 165.089996337890625 159.30999755859375 148.1999969482421875 140.0500030517578125 183.1300048828125 242.30999755859375 301.480010986328125 317.970001220703125 375.8800048828125 359.739990234375 348.8800048828125 286.579986572265625 224.2700042724609375 209.1399993896484375 147.2700042724609375 145.3699951171875 147.4799957275390625 146.1999969482421875 146.029998779296875 142.2599945068359375 142.029998779296875 137.19000244140625 132.660003662109375 134.1999969482421875
1571.3900146484375 1509.510009765625 1437.3599853515625 1369.780029296875 1240.510009765625 1153.6700439453125 1221.010009765625 1159.2900390625 996.8800048828125 984.95001220703125 1044.1700439453125 1015.29998779296875 1059.3900146484375 987.1500244140625 933.33001708984375 1011.989990234375 938.59002685546875 835.83001708984375 739.67999267578125 648.989990234375 564.8800048828125 485.100006103515625 405.45001220703125 325.910003662109375 246.44000244140625 166.9600067138671875 160.1999969482421875 216.279998779296875 210.4199981689453125 239.779998779296875 301.6300048828125 363.480010986328125 385.519989013671875 444.480010986328125 429.239990234375 419.149993896484375 352.6300048828125 286.489990234375 220.350006103515625 154.220001220703125 152.25 152.910003662109375 151.1999969482421875 150.9600067138671875 146.7400054931640625 142.3699951171875 138.029998779296875 133.8300018310546875 130.850006103515625
1601.8399658203125 1549.7099609375 1522 1504.0400390625 1373.6500244140625 1299.699951171875 1378.949951171875 1305.1199951171875 1136.56005859375 1141.7099609375 1208.4300537109375 1154.739990234375 1225.9300537109375 1101.97998046875 1044.9300537109375 1006.1500244140625 928.90997314453125 826.34002685546875 729.4000244140625 638.44000244140625 555.16998291015625 476.3800048828125 397.6099853515625 318.829986572265625 240.05999755859375 222.7700042724609375 239.4900054931640625 284.3599853515625 280.779998779296875 296.459991455078125 364.730010986328125 433 454.970001220703125 521.21002197265625 503.529998779296875 481.220001220703125 401.040008544921875 320.8599853515625 240.67999267578125 160.5 158.5800018310546875 157 155.1999969482421875 151.44000244140625 149.600006103515625 145.399993896484375 139.57000732421875 134.600006103515625 129.5399932861328125
1561.8599853515625 1517.699951171875 1501.6800537109375 1497.199951171875 1506.780029296875 1445.719970703125 1400.530029296875 1343.780029296875 1276.239990234375 1298.469970703125 1248.8800048828125 1191.8199462890625 1251.0400390625 1105.969970703125 1055.25 986.239990234375 932.6099853515625 830.03997802734375 734.29998779296875 644.6199951171875 560.70001220703125 479.05999755859375 397.420013427734375 315.779998779296875 234.149993896484375 243.399993896484375 318.779998779296875 353.790008544921875 351.209991455078125 359.290008544921875 433.1099853515625 506.92999267578125 531.97998046875 601.8599853515625 583.1500244140625 502.339996337890625 426.80999755859375 359.69000244140625 295.730010986328125 231.7700042724609375 167.80999755859375 167.1999969482421875 164.5500030517578125 153.1699981689453125 146.94000244140625 143.4499969482421875 137.8899993896484375 136.8899993896484375 134.2299957275390625
1536.0400390625 1507.1700439453125 1500.5899658203125 1501.1700439453125 1540.199951171875 1540.3299560546875 1511.949951171875 1453.0799560546875 1415.9100341796875 1455.239990234375 1388.72998046875 1228.9000244140625 1246.5699462890625 1076.5699462890625 906.58001708984375 898.1199951171875 924 822.53997802734375 726.54998779296875 634.08001708984375 541.6099853515625 449.149993896484375 356.69000244140625 326.6199951171875 318.529998779296875 330.3699951171875 398.6199951171875 425.920013427734375 421.769989013671875 427.260009765625 506.989990234375 586.71002197265625 615.260009765625 689.15997314453125 668.969970703125 583.219970703125 500.92999267578125 418.649993896484375 336.3699951171875 254.089996337890625 171.80999755859375 168.1699981689453125 166.1699981689453125 161.9600067138671875 157.2700042724609375 152.399993896484375 146.0200042724609375 139.1399993896484375 133.2100067138671875
1555.219970703125 1535.52001953125 1522.6099853515625 1516.989990234375 1616.199951171875 1633.8499755859375 1629.47998046875 1605.4200439453125 1555.5899658203125 1470.739990234375 1377.22998046875 1293.77001953125 1242.1099853515625 1072.1800537109375 902.25 865.28997802734375 805.02001953125 756.1400146484375 699.22998046875 611.1300048828125 529.489990234375 447.8599853515625 366.230010986328125 348.67999267578125 402.920013427734375 417.339996337890625 479.529998779296875 501.67999267578125 494.5 500.79998779296875 586.8800048828125 672.969970703125 704.16998291015625 764.78997802734375 718.16998291015625 629.09002685546875 545.219970703125 467.67999267578125 395.04998779296875 322.42999267578125 249.80999755859375 177.1999969482421875 172.5 169.4499969482421875 164.9600067138671875 159.5399932861328125 147.0200042724609375 141.0800018310546875 134.5399932861328125
1610.780029296875 1586.010009765625 1567.02001953125 1552.030029296875 1690.6300048828125 1710.3800048828125 1663.1300048828125 1558.2099609375 1527.4100341796875 1434.27001953125 1404.449951171875 1391.8299560546875 1377.7099609375 1202.530029296875 1045.7099609375 921.09002685546875 775.78997802734375 740.78997802734375 619.52001953125 587.469970703125 499.95001220703125 412.42999267578125 383.6199951171875 371.029998779296875 487.30999755859375 504.3699951171875 561.8699951171875 581.05999755859375 573.02001953125 581.21002197265625 673.46002197265625 765.71002197265625 798.42999267578125 841.19000244140625 744.0999755859375 653.780029296875 567.42999267578125 489.17999267578125 412.69000244140625 336.20001220703125 259.709991455078125 183.220001220703125 174.779998779296875 171.1999969482421875 167.67999267578125 162.2100067138671875 152.1999969482421875 139.07000732421875 136.3899993896484375
1680.8499755859375 1663.8900146484375 1631.5 1593.780029296875 1619.1099853515625 1608.75 1617.1600341796875 1606.719970703125 1569.1400146484375 1479.050048828125 1390.43994140625 1473.3499755859375 1476.6199951171875 1332.8900146484375 1189.1700439453125 1045.489990234375 901.80999755859375 758.1500244140625 614.47998046875 638.8800048828125 533.65997314453125 519.41998291015625 482.75 471.010009765625 571.71002197265625 591.53997802734375 645.66998291015625 666.54998779296875 657.760009765625 667.54998779296875 765.66998291015625 863.780029296875 898.3699951171875 798.53997802734375 703.02001953125 615.16998291015625 533.09002685546875 457.519989013671875 382.600006103515625 307.670013427734375 264.94000244140625 216.970001220703125 183.5200042724609375 175.1999969482421875 172.589996337890625 167.3600006103515625 156.0200042724609375 148.8300018310546875 138.1699981689453125
1702.199951171875 1706.93994140625 1705.719970703125 1679.8199462890625 1610.4300537109375 1601.719970703125 1581.9100341796875 1590.0999755859375 1562.9300537109375 1521 1525.4100341796875 1553.300048828125 1417.1099853515625 1289.8299560546875 1166.1300048828125 1042.4300537109375 918.739990234375 870.25 756.53997802734375 756.34002685546875 658.71002197265625 626.40997314453125 581.8800048828125 571 656.27001953125 678.8599853515625 737.1300048828125 758.0999755859375 749.47998046875 741.1500244140625 816.719970703125 879.780029296875 904.8499755859375 802.72998046875 700.6099853515625 598.489990234375 496.3699951171875 443.670013427734375 384.8900146484375 335.489990234375 297.42999267578125 248.5800018310546875 211.3300018310546875 179.589996337890625 171.470001220703125 166.5 162.1999969482421875 148.8300018310546875 140.649993896484375
1695.469970703125 1702.81005859375 1716.1600341796875 1718.0899658203125 1688.1800537109375 1659.8199462890625 1660.81005859375 1655.739990234375 1606.68994140625 1566.030029296875 1516.530029296875 1508.010009765625 1474.989990234375 1358.8499755859375 1229.1700439453125 1144.43994140625 1032.989990234375 982.34002685546875 898.6099853515625 873.79998779296875 783.77001953125 733.40997314453125 681.010009765625 670.97998046875 747.989990234375 771.05999755859375 834.03997802734375 855.6099853515625 847.70001220703125 794.44000244140625 837.75 875.760009765625 946.09002685546875 901.6300048828125 769.3499755859375 637.07000732421875 504.790008544921875 507.470001220703125 429.80999755859375 352.1400146484375 338.920013427734375 311.489990234375 283.920013427734375 253.3699951171875 173.1399993896484375 169.779998779296875 167.1999969482421875 158.839996337890625 148.8899993896484375
1671.25 1689.530029296875 1715.06005859375 1711.8699951171875 1826.8699951171875 1736.22998046875 1650.0699462890625 1643.52001953125 1636.719970703125 1604.3800048828125 1543.030029296875 1519.3599853515625 1473.1500244140625 1406.43994140625 1336.780029296875 1266.6300048828125 1147.239990234375 1094.449951171875 1040.6800537109375 991.260009765625 908.83001708984375 840.40997314453125 780.1400146484375 770.969970703125 845.59002685546875 870.17999267578125 936.6400146484375 960.25 951.0999755859375 914.83001708984375 961.80999755859375 924.25 950.739990234375 841.3499755859375 731.96002197265625 622.58001708984375 513.20001220703125 481.07000732421875 426.600006103515625 422.55999755859375 406.089996337890625 359.529998779296875 356.510009765625 327.149993896484375 257.55999755859375 235.4799957275390625 184.470001220703125 164.3800048828125 149.7899932861328125
1621.469970703125 1620.56005859375 1624.4100341796875 1616.06005859375 1733.1500244140625 1766.3399658203125 1629.3499755859375 1595.0799560546875 1577.6800537109375 1552.93994140625 1527.199951171875 1493.5699462890625 1468.6700439453125 1454.5999755859375 1305.43994140625 1289.3299560546875 1243.9100341796875 1211.5999755859375 1182.75 1108.719970703125 956.45001220703125 947.40997314453125 879.27001953125 870.969970703125 852.79998779296875 975.27001953125 982.219970703125 987.82000732421875 998.75 889.46002197265625 965.1400146484375 930.65997314453125 840.92999267578125 856.030029296875 743.8499755859375 631.66998291015625 519.5 507.67999267578125 532.15997314453125 487.82000732421875 446 444.040008544921875 429.1099853515625 400.92999267578125 341.980010986328125 301.17999267578125 244.5500030517578125 177.3899993896484375 154.1199951171875
1585.4599609375 1581.719970703125 1577.9599609375 1580.199951171875 1656.8199462890625 1719.0699462890625 1659.4100341796875 1618.300048828125 1593.5699462890625 1572.8599853515625 1548.719970703125 1525.219970703125 1500.4200439453125 1477.8800048828125 1395.8599853515625 1327.719970703125 1322.1600341796875 1270.9200439453125 1187.4599609375 1088.5899658203125 1004.07000732421875 926.969970703125 943.75 976.1300048828125 985.67999267578125 1085.8399658203125 988.21002197265625 1015.3800048828125 912.739990234375 864.08001708984375 837.70001220703125 802.90997314453125 731.1300048828125 793.45001220703125 688.1300048828125 668.44000244140625 646.67999267578125 615.969970703125 583.79998779296875 534.010009765625 539.8499755859375 528.55999755859375 502.709991455078125 474.709991455078125 426.399993896484375 366.8800048828125 304.6300048828125 252 220.970001220703125
