GISData/inundation/WaterStart.asc
ncols        200
nrows        275
xllcorner    -123.970250000000
yllcorner    45.957939000000
cellsize     0.000372000000
NODATA_value  -9.9999997902147679536e+33
[rows 68 to 84 of 275, columns 39 to 77 of 200]
17.502607345581054688 17.337591171264648438 17.15057373046875 16.974557876586914063 16.941555023193359375 16.941555023193359375 16.941555023193359375 16.622526168823242188 16.44651031494140625 16.281494140625 16.13848114013671875 16.028470993041992188 15.918461799621582031 15.830453872680664063 15.720442771911621094 15.544426918029785156 15.324406623840332031 15.1263885498046875 14.994376182556152344 14.862364768981933594 14.653345108032226563 14.356318473815917969 14.169301033020019531 13.938279151916503906 13.729259490966796875 13.476237297058105469 13.124205589294433594 12.860179901123046875 12.816176414489746094 12.67316436767578125 12.464144706726074219 12.464144706726074219 12.563153266906738281 12.453143119812011719 12.057106971740722656 11.881091117858886719 11.815084457397460938 11.529057502746582031 11.298037528991699219
17.392597198486328125 17.238582611083984375 17.062566757202148438 16.87554931640625 16.831544876098632813 16.831544876098632813 16.831544876098632813 16.60052490234375 16.42450714111328125 16.259492874145507813 16.094478607177734375 15.984467506408691406 15.885457992553710938 15.797450065612792969 15.687440872192382813 15.489421844482421875 15.26940155029296875 15.071383476257324219 14.939371109008789063 14.807359695434570313 14.598340988159179688 14.290311813354492188 14.070291519165039063 13.839270591735839844 13.608249664306640625 13.355226516723632813 13.003192901611328125 12.728168487548828125 12.717167854309082031 12.574154853820800781 12.420140266418457031 12.409138679504394531 12.398138999938964844 12.277127265930175781 11.969099044799804688 11.815084457397460938 11.716074943542480469 11.441049575805664063 11.210028648376464844
17.282587051391601563 17.15057373046875 16.963556289672851563 16.776540756225585938 16.71053314208984375 16.71053314208984375 16.71053314208984375 16.578521728515625 16.402505874633789063 16.237491607666015625 16.061475753784179688 15.951464653015136719 15.85245513916015625 15.753445625305175781 15.654436111450195313 15.445418357849121094 15.225398063659667969 15.016378402709960938 14.884366035461425781 14.752354621887207031 14.532334327697753906 14.235306739807128906 13.971282005310058594 13.740261077880859375 13.509240150451660156 13.23421478271484375 12.882182121276855469 12.618158340454101563 12.618158340454101563 12.541151046752929688 12.387137413024902344 12.332132339477539063 12.222121238708496094 12.112112045288085938 11.903092384338378906 11.749078750610351563 11.584063529968261719 11.353041648864746094 11.133022308349609375
17.194578170776367188 17.062566757202148438 16.87554931640625 16.699533462524414063 16.622526168823242188 16.622526168823242188 16.622526168823242188 16.512516021728515625 16.336500167846679688 16.160482406616210938 15.9954681396484375 15.929461479187011719 15.84145355224609375 15.742445945739746094 15.610432624816894531 15.390412330627441406 15.170392990112304688 14.950372695922851563 14.818360328674316406 14.686348915100097656 14.510332107543945313 14.202303886413574219 13.927278518676757813 13.696256637573242188 13.465235710144042969 13.179209709167480469 12.827178001403808594 12.574154853820800781 12.574154853820800781 12.508148193359375 12.35413360595703125 12.211121559143066406 12.090109825134277344 11.980099678039550781 11.837086677551269531 11.683072090148925781 11.507056236267089844 11.276035308837890625 11.045014381408691406
17.172576904296875 16.99655914306640625 16.809543609619140625 16.633525848388671875 16.5895233154296875 16.5895233154296875 16.5895233154296875 16.369503021240234375 16.204486846923828125 16.028470993041992188 15.874457359313964844 15.940463066101074219 15.85245513916015625 15.753445625305175781 15.544426918029785156 15.324406623840332031 15.104386329650878906 14.895367622375488281 14.763355255126953125 14.631343841552734375 14.510332107543945313 14.202303886413574219 13.927278518676757813 13.696256637573242188 13.465235710144042969 13.179209709167480469 12.827178001403808594 12.574154853820800781 12.574154853820800781 12.486146926879882813 12.332132339477539063 12.189119338989257813 12.079108238220214844 11.958097457885742188 11.78208160400390625 11.6280670166015625 11.474053382873535156 11.243032455444335938 11.012011528015136719
17.106571197509765625 16.930555343627929688 16.754537582397460938 16.60052490234375 16.545518875122070313 16.545518875122070313 16.490512847900390625 16.237491607666015625 16.061475753784179688 15.896458625793457031 15.85245513916015625 15.951464653015136719 15.863455772399902344 15.764447212219238281 15.489421844482421875 15.258400917053222656 15.038380622863769531 14.840361595153808594 14.697348594665527344 14.565337181091308594 14.477329254150390625 14.202303886413574219 13.927278518676757813 13.696256637573242188 13.465235710144042969 13.190210342407226563 12.838178634643554688 12.574154853820800781 12.574154853820800781 12.464144706726074219 12.310130119323730469 12.178117752075195313 12.057106971740722656 11.947096824645996094 11.727076530456542969 11.573062896728515625 11.430049896240234375 11.210028648376464844 10.979007720947265625
17.040563583374023438 16.8645477294921875 16.688531875610351563 16.567522048950195313 16.501514434814453125 16.501514434814453125 16.369503021240234375 16.116479873657226563 15.929461479187011719 15.753445625305175781 15.830453872680664063 15.962465286254882813 15.874457359313964844 15.742445945739746094 15.434416770935058594 15.203395843505859375 14.98337554931640625 14.785356521606445313 14.631343841552734375 14.510332107543945313 14.422323226928710938 14.202303886413574219 13.927278518676757813 13.696256637573242188 13.465235710144042969 13.190210342407226563 12.838178634643554688 12.574154853820800781 12.563153266906738281 12.442142486572265625 12.288127899169921875 12.156116485595703125 12.035104751586914063 11.9250946044921875 11.683072090148925781 11.518057823181152344 11.375043869018554688 11.177025794982910156 10.946004867553710938
16.974557876586914063 16.798542022705078125 16.633525848388671875 16.534517288208007813 16.457509994506835938 16.457509994506835938 16.248493194580078125 15.9954681396484375 15.797450065612792969 15.621433258056640625 15.808450698852539063 15.973466873168945313 15.885457992553710938 15.687440872192382813 15.379410743713378906 15.13739013671875 14.928370475769042969 14.730352401733398438 14.576337814331054688 14.455327033996582031 14.367319107055664063 14.202303886413574219 13.927278518676757813 13.696256637573242188 13.476237297058105469 13.190210342407226563 12.849180221557617188 12.574154853820800781 12.541151046752929688 12.420140266418457031 12.266125679016113281 12.145114898681640625 12.024104118347167969 11.892091751098632813 11.650069236755371094 11.474053382873535156 11.331040382385253906 11.144022941589355469 10.91300201416015625
16.919553756713867188 16.73253631591796875 16.60052490234375 16.501514434814453125 16.413507461547851563 16.380504608154296875 16.12747955322265625 15.874457359313964844 15.654436111450195313 15.588431358337402344 15.786449432373046875 15.984467506408691406 15.896458625793457031 15.632434844970703125 15.324406623840332031 15.071383476257324219 14.873366355895996094 14.675347328186035156 14.510332107543945313 14.40032196044921875 14.312314033508300781 14.202303886413574219 13.927278518676757813 13.696256637573242188 13.476237297058105469 13.201211929321289063 12.860179901123046875 12.574154853820800781 12.519148826599121094 12.398138999938964844 12.255125045776367188 12.123113632202148438 12.002101898193359375 11.848088264465332031 11.606065750122070313 11.419048309326171875 11.276035308837890625 11.111020088195800781 10.879999160766601563
16.853546142578125 16.666528701782226563 16.567522048950195313 16.468511581420898438 16.369503021240234375 16.259492874145507813 16.0064697265625 15.753445625305175781 15.522424697875976563 15.566428184509277344 15.764447212219238281 15.951464653015136719 15.874457359313964844 15.566428184509277344 15.26940155029296875 15.016378402709960938 14.818360328674316406 14.620342254638671875 14.444326400756835938 14.345316886901855469 14.2573089599609375 14.158299446105957031 13.927278518676757813 13.696256637573242188 13.476237297058105469 13.201211929321289063 12.871181488037109375 12.574154853820800781 12.4971466064453125 12.376135826110839844 12.233122825622558594 12.101110458374023438 11.980099678039550781 11.815084457397460938 11.562061309814453125 11.364043235778808594 11.232030868530273438 11.0670166015625 10.857996940612792969
16.787542343139648438 16.622526168823242188 16.523517608642578125 16.43550872802734375 16.336500167846679688 16.13848114013671875 15.885457992553710938 15.632434844970703125 15.390412330627441406 15.544426918029785156 15.731444358825683594 15.929461479187011719 15.819452285766601563 15.511424064636230469 15.214396476745605469 14.950372695922851563 14.763355255126953125 14.576337814331054688 14.389321327209472656 14.290311813354492188 14.191302299499511719 14.10329437255859375 13.927278518676757813 13.696256637573242188 13.476237297058105469 13.212213516235351563 12.882182121276855469 12.574154853820800781 12.475145339965820313 12.35413360595703125 12.211121559143066406 12.090109825134277344 11.958097457885742188 11.77108001708984375 11.529057502746582031 11.309038162231445313 11.177025794982910156 11.034012794494628906 10.824994087219238281
16.8865509033203125 16.611524581909179688 16.512516021728515625 16.42450714111328125 16.347499847412109375 16.083477020263671875 15.830453872680664063 15.577429771423339844 15.346408843994140625 15.522424697875976563 15.709442138671875 15.907460212707519531 15.775447845458984375 15.478420257568359375 15.181393623352050781 14.917369842529296875 14.719351768493652344 14.532334327697753906 14.334315299987792969 14.2573089599609375 14.169301033020019531 14.070291519165039063 13.927278518676757813 13.707258224487304688 13.476237297058105469 13.223214149475097656 12.893183708190917969 12.574154853820800781 12.442142486572265625 12.321130752563476563 12.200119972229003906 12.068108558654785156 11.947096824645996094 11.738077163696289063 11.48505401611328125 11.265033721923828125 11.122020721435546875 10.990008354187011719 10.802991867065429688
17.00756072998046875 16.611524581909179688 16.512516021728515625 16.42450714111328125 16.391504287719726563 16.105478286743164063 15.85245513916015625 15.588431358337402344 15.401413917541503906 15.500423431396484375 15.698441505432128906 15.896458625793457031 15.775447845458984375 15.467420578002929688 15.170392990112304688 14.906369209289550781 14.719351768493652344 14.521332740783691406 14.345316886901855469 14.301312446594238281 14.213304519653320313 14.11429595947265625 13.938279151916503906 13.718259811401367188 13.498239517211914063 13.300220489501953125 12.970191001892089844 12.695165634155273438 12.585154533386230469 12.431141853332519531 12.178117752075195313 12.057106971740722656 11.9250946044921875 11.738077163696289063 11.48505401611328125 11.265033721923828125 11.122020721435546875 10.990008354187011719 10.813992500305175781
17.00756072998046875 16.611524581909179688 16.523517608642578125 16.44651031494140625 16.43550872802734375 16.12747955322265625 15.863455772399902344 15.610432624816894531 15.445418357849121094 15.478420257568359375 15.676439285278320313 15.863455772399902344 15.753445625305175781 15.467420578002929688 15.159391403198242188 14.906369209289550781 14.708350181579589844 14.510332107543945313 14.356318473815917969 14.334315299987792969 14.2573089599609375 14.169301033020019531 13.982283592224121094 13.729259490966796875 13.509240150451660156 13.355226516723632813 13.047197341918945313 12.827178001403808594 12.750170707702636719 12.596156120300292969 12.167117118835449219 12.024104118347167969 11.914093971252441406 11.804082870483398438 11.551060676574707031 11.342041969299316406 11.210028648376464844 11.0670166015625 10.890999794006347656
17.01856231689453125 16.611524581909179688 16.523517608642578125 16.501514434814453125 16.468511581420898438 16.160482406616210938 15.874457359313964844 15.621433258056640625 15.500423431396484375 15.500423431396484375 15.654436111450195313 15.797450065612792969 15.687440872192382813 15.456418991088867188 15.159391403198242188 14.906369209289550781 14.697348594665527344 14.510332107543945313 14.367319107055664063 14.334315299987792969 14.301312446594238281 14.213304519653320313 14.015286445617675781 13.751262664794921875 13.52024078369140625 13.3882293701171875 13.113204002380371094 12.94818878173828125 12.915184974670410156 12.761171340942382813 12.266125679016113281 12.002101898193359375 11.914093971252441406 11.859087944030761719 11.617066383361816406 11.419048309326171875 11.287036895751953125 11.144022941589355469 10.968007087707519531
17.01856231689453125 16.611524581909179688 16.556520462036132813 16.556520462036132813 16.501514434814453125 16.204486846923828125 15.896458625793457031 15.632434844970703125 15.555428504943847656 15.544426918029785156 15.632434844970703125 15.731444358825683594 15.621433258056640625 15.445418357849121094 15.159391403198242188 14.917369842529296875 14.697348594665527344 14.510332107543945313 14.378319740295410156 14.334315299987792969 14.334315299987792969 14.2573089599609375 14.048290252685546875 13.762264251708984375 13.54224395751953125 13.410230636596679688 13.190210342407226563 13.069199562072753906 13.069199562072753906 12.926186561584472656 12.36513519287109375 11.980099678039550781 11.914093971252441406 11.914093971252441406 11.672071456909179688 11.507056236267089844 11.364043235778808594 11.210028648376464844 11.045014381408691406
17.01856231689453125 16.611524581909179688 16.611524581909179688 16.60052490234375 16.545518875122070313 16.237491607666015625 15.929461479187011719 15.643436431884765625 15.599431991577148438 15.599431991577148438 15.610432624816894531 15.665437698364257813 15.555428504943847656 15.445418357849121094 15.159391403198242188 14.917369842529296875 14.686348915100097656 14.521332740783691406 14.378319740295410156 14.334315299987792969 14.334315299987792969 14.301312446594238281 14.081293106079101563 13.784264564514160156 13.575245857238769531 13.443234443664550781 13.267218589782714844 13.201211929321289063 13.201211929321289063 13.036196708679199219 12.464144706726074219 11.958097457885742188 11.914093971252441406 11.914093971252441406 11.749078750610351563 11.584063529968261719 11.441049575805664063 11.287036895751953125 11.089017868041992188
