GISData/inundation/WaterStart.asc
ncols        200
nrows        275
xllcorner    -123.970250000000
yllcorner    45.957939000000
cellsize     0.000372000000
NODATA_value  -9.9999997902147679536e+33
[rows 17 to 33 of 275, columns 0 to 38 of 200]
22.178035736083984375 22.112030029296875 22.046024322509765625 21.947015762329101563 21.837005615234375 21.726995468139648438 21.616983413696289063 21.418966293334960938 21.242948532104492188 21.08893585205078125 20.923921585083007813 20.76990509033203125 20.648897171020507813 20.538885116577148438 20.439876556396484375 20.340867996215820313 20.241857528686523438 20.142848968505859375 20.0438385009765625 19.955831527709960938 19.845823287963867188 19.746812820434570313 19.504789352416992188 19.207761764526367188 18.8997344970703125 18.6467132568359375 18.547702789306640625 18.437692642211914063 18.3056793212890625 18.162668228149414063 18.008653640747070313 17.711626052856445313 17.425600051879882813 17.128572463989257813 16.831544876098632813 16.545518875122070313 16.270494461059570313 16.083477020263671875 15.896458625793457031
22.145032882690429688 22.079027175903320313 22.002019882202148438 21.892009735107421875 21.781999588012695313 21.67198944091796875 21.572980880737304688 21.429965972900390625 21.2539520263671875 21.09993743896484375 20.934923171997070313 20.76990509033203125 20.6598968505859375 20.560888290405273438 20.461879730224609375 20.3628692626953125 20.263860702514648438 20.175851821899414063 20.07684326171875 19.977834701538085938 19.867822647094726563 19.7688140869140625 19.570796966552734375 19.273769378662109375 18.998744964599609375 18.8997344970703125 18.789724349975585938 18.679714202880859375 18.503698348999023438 18.206670761108398438 17.90964508056640625 17.61261749267578125 17.32659149169921875 17.029561996459960938 16.73253631591796875 16.44651031494140625 16.14948272705078125 15.962465286254882813 15.819452285766601563
22.211040496826171875 22.046024322509765625 21.947015762329101563 21.837005615234375 21.726995468139648438 21.627985000610351563 21.517974853515625 21.407964706420898438 21.275953292846679688 21.12194061279296875 20.967924118041992188 20.81391143798828125 20.681898117065429688 20.582887649536132813 20.483880996704101563 20.3958740234375 20.296863555908203125 20.197854995727539063 20.098846435546875 19.999835968017578125 19.889825820922851563 19.7908172607421875 19.63680267333984375 19.35077667236328125 19.251768112182617188 19.130756378173828125 18.965740203857421875 18.811727523803710938 18.6027069091796875 18.272678375244140625 17.953647613525390625 17.634618759155273438 17.31558990478515625 16.985559463500976563 16.666528701782226563 16.347499847412109375 16.050474166870117188 15.918461799621582031 15.84145355224609375
22.277044296264648438 22.002019882202148438 21.903011322021484375 21.8040008544921875 21.704992294311523438 21.605983734130859375 21.5069732666015625 21.407964706420898438 21.286954879760742188 21.154941558837890625 21.011928558349609375 20.857913970947265625 20.703901290893554688 20.615892410278320313 20.516881942749023438 20.417873382568359375 20.318864822387695313 20.21985626220703125 20.120847702026367188 20.021839141845703125 19.911828994750976563 19.812818527221679688 19.713809967041015625 19.548795700073242188 19.383779525756835938 19.229764938354492188 19.06475067138671875 18.910736083984375 18.723718643188476563 18.393688201904296875 18.074659347534179688 17.755628585815429688 17.425600051879882813 17.106571197509765625 16.787542343139648438 16.44651031494140625 16.105478286743164063 15.929461479187011719 15.85245513916015625
22.387056350708007813 22.189037322998046875 21.980016708374023438 21.8040008544921875 21.704992294311523438 21.605983734130859375 21.5069732666015625 21.407964706420898438 21.286954879760742188 21.154941558837890625 21.033931732177734375 20.890916824340820313 20.747905731201171875 20.637895584106445313 20.538885116577148438 20.439876556396484375 20.340867996215820313 20.241857528686523438 20.131847381591796875 20.0328369140625 19.93383026123046875 19.834821701049804688 19.724811553955078125 19.603799819946289063 19.471788406372070313 19.32877349853515625 19.163759231567382813 18.998744964599609375 18.833730697631835938 18.514699935913085938 18.19567108154296875 17.865640640258789063 17.546609878540039063 17.205579757690429688 16.8645477294921875 16.523517608642578125 16.193487167358398438 15.951464653015136719 15.874457359313964844
22.51906585693359375 22.365053176879882813 22.167034149169921875 21.96901702880859375 21.770999908447265625 21.605983734130859375 21.5069732666015625 21.39696502685546875 21.286954879760742188 21.154941558837890625 21.022930145263671875 20.901918411254882813 20.76990509033203125 20.6598968505859375 20.560888290405273438 20.450878143310546875 20.35186767578125 20.252859115600585938 20.153850555419921875 20.0438385009765625 19.944829940795898438 19.845823287963867188 19.735813140869140625 19.614801406860351563 19.4827880859375 19.36177825927734375 19.229764938354492188 19.097753524780273438 18.932737350463867188 18.635711669921875 18.3056793212890625 17.964649200439453125 17.62361907958984375 17.282587051391601563 16.952556610107421875 16.611524581909179688 16.270494461059570313 15.973466873168945313 15.896458625793457031
22.54106903076171875 22.387056350708007813 22.222040176391601563 22.057024002075195313 21.892009735107421875 21.726995468139648438 21.550977706909179688 21.39696502685546875 21.275953292846679688 21.154941558837890625 21.022930145263671875 20.879915237426757813 20.747905731201171875 20.692899703979492188 20.571889877319335938 20.472879409790039063 20.3628692626953125 20.263860702514648438 20.164850234985351563 20.054840087890625 19.955831527709960938 19.856822967529296875 19.746812820434570313 19.62580108642578125 19.504789352416992188 19.37277984619140625 19.240766525268554688 19.119754791259765625 18.965740203857421875 18.701717376708984375 18.371686935424804688 18.041656494140625 17.700624465942382813 17.370594024658203125 17.029561996459960938 16.688531875610351563 16.347499847412109375 16.0064697265625 15.907460212707519531
22.57407379150390625 22.4090576171875 22.24404144287109375 22.079027175903320313 21.914011001586914063 21.759998321533203125 21.594982147216796875 21.440967559814453125 21.264951705932617188 21.132938385009765625 21.000926971435546875 20.857913970947265625 20.725902557373046875 20.714900970458984375 20.615892410278320313 20.49488067626953125 20.373870849609375 20.274862289428710938 20.175851821899414063 20.0658416748046875 19.966833114624023438 19.867822647094726563 19.7688140869140625 19.64780426025390625 19.515790939331054688 19.37277984619140625 19.229764938354492188 19.086751937866210938 18.943738937377929688 18.734720230102539063 18.404689788818359375 18.074659347534179688 17.733629226684570313 17.403596878051757813 17.073568344116210938 16.73253631591796875 16.402505874633789063 16.105478286743164063 15.940463066101074219
22.596075057983398438 22.431058883666992188 22.26604461669921875 22.1010284423828125 21.947015762329101563 21.781999588012695313 21.616983413696289063 21.440967559814453125 21.242948532104492188 21.11093902587890625 20.978925704956054688 20.835912704467773438 20.714900970458984375 20.714900970458984375 20.6598968505859375 20.538885116577148438 20.406871795654296875 20.285863876342773438 20.186853408813476563 20.0878448486328125 19.977834701538085938 19.878824234008789063 19.779815673828125 19.64780426025390625 19.4937896728515625 19.33977508544921875 19.1967620849609375 19.05374908447265625 18.910736083984375 18.76772308349609375 18.437692642211914063 18.107660293579101563 17.766630172729492188 17.436601638793945313 17.117572784423828125 16.820543289184570313 16.523517608642578125 16.226490020751953125 16.039472579956054688
22.618076324462890625 22.453062057495117188 22.288045883178710938 22.1230316162109375 21.96901702880859375 21.8040008544921875 21.660989761352539063 21.38596343994140625 21.220949172973632813 21.08893585205078125 20.956922531127929688 20.81391143798828125 20.714900970458984375 20.714900970458984375 20.703901290893554688 20.582887649536132813 20.461879730224609375 20.329866409301757813 20.208856582641601563 20.098846435546875 19.999835968017578125 19.889825820922851563 19.7908172607421875 19.669805526733398438 19.504789352416992188 19.35077667236328125 19.185762405395507813 19.03174591064453125 18.877733230590820313 18.734720230102539063 18.470697402954101563 18.140665054321289063 17.832635879516601563 17.535610198974609375 17.238582611083984375 16.941555023193359375 16.644527435302734375 16.347499847412109375 16.12747955322265625
22.640077590942382813 22.475063323974609375 22.310049057006835938 22.156032562255859375 21.991018295288085938 21.8260040283203125 21.770999908447265625 21.330957412719726563 21.176944732666015625 21.06693267822265625 20.934923171997070313 20.79190826416015625 20.714900970458984375 20.714900970458984375 20.714900970458984375 20.626893997192382813 20.50588226318359375 20.373870849609375 20.252859115600585938 20.131847381591796875 20.010837554931640625 19.911828994750976563 19.801816940307617188 19.691806793212890625 19.526792526245117188 19.37277984619140625 19.207761764526367188 19.05374908447265625 18.888734817504882813 18.734720230102539063 18.547702789306640625 18.250675201416015625 17.953647613525390625 17.656620025634765625 17.359592437744140625 17.062566757202148438 16.765539169311523438 16.468511581420898438 16.226490020751953125
22.662080764770507813 22.497066497802734375 22.343050003051757813 22.178035736083984375 22.013021469116210938 21.892009735107421875 21.881008148193359375 21.264951705932617188 21.12194061279296875 21.044931411743164063 20.912919998168945313 20.76990509033203125 20.714900970458984375 20.714900970458984375 20.714900970458984375 20.6708984375 20.549886703491210938 20.417873382568359375 20.296863555908203125 20.175851821899414063 20.054840087890625 19.92282867431640625 19.812818527221679688 19.713809967041015625 19.548795700073242188 19.394779205322265625 19.229764938354492188 19.075750350952148438 18.9217376708984375 18.75672149658203125 18.6247100830078125 18.371686935424804688 18.074659347534179688 17.777631759643554688 17.491605758666992188 17.194578170776367188 16.897550582885742188 16.60052490234375 16.325498580932617188
22.684083938598632813 22.51906585693359375 22.365053176879882813 22.200038909912109375 22.035022735595703125 22.002019882202148438 21.837005615234375 21.209947586059570313 21.06693267822265625 21.022930145263671875 20.890916824340820313 20.747905731201171875 20.714900970458984375 20.714900970458984375 20.714900970458984375 20.714900970458984375 20.593889236450195313 20.472879409790039063 20.340867996215820313 20.21985626220703125 20.098846435546875 19.977834701538085938 19.845823287963867188 19.724811553955078125 19.570796966552734375 19.416782379150390625 19.262767791748046875 19.108755111694335938 18.954738616943359375 18.789724349975585938 18.6247100830078125 18.503698348999023438 18.206670761108398438 17.90964508056640625 17.61261749267578125 17.31558990478515625 17.01856231689453125 16.72153472900390625 16.468511581420898438
22.739088058471679688 22.55207061767578125 22.387056350708007813 22.222040176391601563 22.112030029296875 22.1010284423828125 21.781999588012695313 21.154941558837890625 21.011928558349609375 21.000926971435546875 20.868915557861328125 20.725902557373046875 20.714900970458984375 20.714900970458984375 20.714900970458984375 20.714900970458984375 20.637895584106445313 20.516881942749023438 20.3848724365234375 20.263860702514648438 20.142848968505859375 20.021839141845703125 19.889825820922851563 19.724811553955078125 19.603799819946289063 19.449785232543945313 19.295772552490234375 19.141756057739257813 18.987743377685546875 18.822729110717773438 18.6247100830078125 18.6247100830078125 18.3276824951171875 18.0306549072265625 17.733629226684570313 17.436601638793945313 17.139574050903320313 16.842546463012695313 16.611524581909179688
22.794092178344726563 22.57407379150390625 22.4090576171875 22.24404144287109375 22.222040176391601563 22.211040496826171875 21.726995468139648438 21.09993743896484375 20.956922531127929688 20.956922531127929688 20.846914291381835938 20.714900970458984375 20.714900970458984375 20.714900970458984375 20.714900970458984375 20.714900970458984375 20.681898117065429688 20.560888290405273438 20.439876556396484375 20.307863235473632813 20.186853408813476563 20.0658416748046875 19.92282867431640625 19.691806793212890625 19.570796966552734375 19.4827880859375 19.32877349853515625 19.174760818481445313 19.009746551513671875 18.855730056762695313 18.657711029052734375 18.6247100830078125 18.448694229125976563 18.162668228149414063 17.865640640258789063 17.568613052368164063 17.271585464477539063 16.963556289672851563 16.765539169311523438
22.84909820556640625 22.596075057983398438 22.431058883666992188 22.332050323486328125 22.332050323486328125 22.288045883178710938 21.660989761352539063 21.044931411743164063 20.901918411254882813 20.901918411254882813 20.824911117553710938 20.714900970458984375 20.714900970458984375 20.714900970458984375 20.714900970458984375 20.714900970458984375 20.714900970458984375 20.604890823364257813 20.483880996704101563 20.35186767578125 20.230855941772460938 20.098846435546875 19.944829940795898438 19.669805526733398438 19.4827880859375 19.4827880859375 19.36177825927734375 19.207761764526367188 19.04274749755859375 18.877733230590820313 18.679714202880859375 18.6247100830078125 18.580705642700195313 18.283679962158203125 17.986652374267578125 17.689624786376953125 17.392597198486328125 17.084568023681640625 16.908552169799804688
22.915103912353515625 22.618076324462890625 22.453062057495117188 22.442060470581054688 22.442060470581054688 22.23303985595703125 21.605983734130859375 20.989927291870117188 20.846914291381835938 20.846914291381835938 20.80290985107421875 20.714900970458984375 20.714900970458984375 20.714900970458984375 20.714900970458984375 20.714900970458984375 20.714900970458984375 20.648897171020507813 20.52788543701171875 20.3958740234375 20.263860702514648438 20.109846115112304688 19.93383026123046875 19.63680267333984375 19.394779205322265625 19.394779205322265625 19.394779205322265625 19.240766525268554688 19.075750350952148438 18.8997344970703125 18.701717376708984375 18.6247100830078125 18.6247100830078125 18.404689788818359375 18.107660293579101563 17.810636520385742188 17.513607025146484375 17.205579757690429688 17.051565170288085938
