GISData/inundation/Water10.asc
ncols        200
nrows        275
xllcorner    -123.970250000000
yllcorner    45.957939000000
cellsize     0.000372000000
NODATA_value  -9.9999997902147679536e+33
[rows 34 to 50 of 275, columns 39 to 77 of 200]
15.656565666198730469 15.535353660583496094 15.414141654968261719 15.24242401123046875 14.97979736328125 14.757575035095214844 14.666666984558105469 14.585857391357421875 14.4848480224609375 14.383837699890136719 14.292928695678710938 14.212121009826660156 13.929292678833007813 13.797979354858398438 13.727272987365722656 13.646464347839355469 13.555555343627929688 13.464646339416503906 13.232323646545410156 12.989898681640625 12.898989677429199219 12.656564712524414063 12.454545021057128906 12.333333015441894531 12.080807685852050781 11.72727203369140625 11.393939018249511719 11.181818008422851563 10.959595680236816406 10.73737335205078125 10.686868667602539063 10.707071304321289063 10.434343338012695313 10.111110687255859375 9.4545450210571289063 9.2020196914672851563 8.9696969985961914063 9.2828273773193359375 9.121212005615234375
15.787878990173339844 15.666666984558105469 15.454545021057128906 15.191919326782226563 14.929292678833007813 14.818181991577148438 14.72727203369140625 14.646464347839355469 14.545454025268554688 14.444444656372070313 14.343434333801269531 14.262625694274902344 14.181818008422851563 14.020201683044433594 13.919191360473632813 13.828282356262207031 13.737374305725097656 13.626261711120605469 13.383837699890136719 13.141413688659667969 12.949494361877441406 12.707070350646972656 12.5050506591796875 12.373737335205078125 12.23232269287109375 11.888889312744140625 11.555555343627929688 11.323231697082519531 11.101009368896484375 10.888888359069824219 10.909090995788574219 10.919192314147949219 10.656565666198730469 10.333333015441894531 10.323232650756835938 10.181818008422851563 9.7272729873657226563 9.5555553436279296875 9.3535356521606445313
15.878787994384765625 15.72727203369140625 15.464646339416503906 15.191919326782226563 14.969696044921875 14.878787040710449219 14.797979354858398438 14.707071304321289063 14.595958709716796875 14.4949493408203125 14.393939018249511719 14.323232650756835938 14.23232269287109375 14.151515007019042969 14.030303001403808594 13.929292678833007813 13.828282356262207031 13.727272987365722656 13.484848976135253906 13.24242401123046875 13.010101318359375 12.76767730712890625 12.545454025268554688 12.414140701293945313 12.292928695678710938 11.97979736328125 11.646464347839355469 11.383838653564453125 11.161616325378417969 10.969696044921875 10.97979736328125 10.97979736328125 10.72727203369140625 10.393939018249511719 10.373737335205078125 10.292928695678710938 9.8282823562622070313 9.6464643478393554688 9.4242420196533203125
15.898989677429199219 15.858585357666015625 15.595958709716796875 15.323231697082519531 15.040404319763183594 14.949495315551757813 14.858585357666015625 14.73737335205078125 14.616161346435546875 14.515151023864746094 14.444444656372070313 14.383837699890136719 14.303030014038085938 14.222222328186035156 13.989898681640625 13.888888359069824219 13.787878036499023438 13.757575035095214844 13.515151023864746094 13.282827377319335938 13.080807685852050781 12.838383674621582031 12.606060028076171875 12.454545021057128906 12.333333015441894531 12.040404319763183594 11.707070350646972656 11.414141654968261719 11.191919326782226563 11.020201683044433594 11.020201683044433594 11.020201683044433594 10.787878990173339844 10.464646339416503906 10.424242019653320313 10.353534698486328125 9.9494953155517578125 9.7474737167358398438 9.4949493408203125
15.959595680236816406 15.959595680236816406 15.72727203369140625 15.454545021057128906 15.131312370300292969 15.020201683044433594 14.929292678833007813 14.767676353454589844 14.626261711120605469 14.525252342224121094 14.4949493408203125 14.454545974731445313 14.373736381530761719 14.23232269287109375 13.949495315551757813 13.838383674621582031 13.767676353454589844 13.767676353454589844 13.545454025268554688 13.333333015441894531 13.141413688659667969 12.898989677429199219 12.676767349243164063 12.4949493408203125 12.363636016845703125 12.101009368896484375 11.767676353454589844 11.454545021057128906 11.22222137451171875 11.070707321166992188 11.060606002807617188 11.070707321166992188 10.838382720947265625 10.535353660583496094 10.464646339416503906 10.373737335205078125 10.060606002807617188 9.8383836746215820313 9.5656566619873046875
16.030302047729492188 16.030302047729492188 15.858585357666015625 15.565655708312988281 15.24242401123046875 15.090908050537109375 14.97979736328125 14.808080673217773438 14.646464347839355469 14.545454025268554688 14.545454025268554688 14.525252342224121094 14.434343338012695313 14.202020645141601563 13.898989677429199219 13.797979354858398438 13.767676353454589844 13.767676353454589844 13.575757026672363281 13.373737335205078125 13.191919326782226563 12.959595680236816406 12.73737335205078125 12.535352706909179688 12.404040336608886719 12.131313323974609375 11.828282356262207031 11.515151023864746094 11.25252532958984375 11.111110687255859375 11.111110687255859375 11.111110687255859375 10.878787994384765625 10.595958709716796875 10.505049705505371094 10.404040336608886719 10.171716690063476563 9.9292926788330078125 9.6464643478393554688
16.101009368896484375 16.101009368896484375 15.989898681640625 15.676767349243164063 15.353534698486328125 15.151515007019042969 15.010100364685058594 14.838382720947265625 14.666666984558105469 14.595958709716796875 14.595958709716796875 14.585857391357421875 14.4646453857421875 14.171716690063476563 13.868685722351074219 13.767676353454589844 13.767676353454589844 13.767676353454589844 13.616161346435546875 13.424242019653320313 13.24242401123046875 13.030302047729492188 12.808080673217773438 12.595959663391113281 12.444443702697753906 12.171716690063476563 11.888889312744140625 11.575757026672363281 11.282828330993652344 11.161616325378417969 11.151515007019042969 11.161616325378417969 10.919192314147949219 10.666666984558105469 10.535353660583496094 10.424242019653320313 10.282828330993652344 10.010100364685058594 9.7272729873657226563
16.171716690063476563 16.171716690063476563 16.121212005615234375 15.797979354858398438 15.464646339416503906 15.22222137451171875 15.050504684448242188 14.868686676025390625 14.686868667602539063 14.646464347839355469 14.646464347839355469 14.646464347839355469 14.434343338012695313 14.141413688659667969 13.838383674621582031 13.767676353454589844 13.767676353454589844 13.767676353454589844 13.656565666198730469 13.474747657775878906 13.292928695678710938 13.090909004211425781 12.878787994384765625 12.666666030883789063 12.474747657775878906 12.212121009826660156 11.939393043518066406 11.636363983154296875 11.333333015441894531 11.202019691467285156 11.202019691467285156 11.191919326782226563 10.959595680236816406 10.71717071533203125 10.555555343627929688 10.454545974731445313 10.353534698486328125 10.090909004211425781 9.8181819915771484375
16.191919326782226563 16.191919326782226563 16.191919326782226563 15.868686676025390625 15.555554389953613281 15.282828330993652344 15.111110687255859375 14.929292678833007813 14.757575035095214844 14.696969985961914063 14.696969985961914063 14.696969985961914063 14.434343338012695313 14.121211051940917969 13.818181991577148438 13.777777671813964844 13.777777671813964844 13.777777671813964844 13.696969985961914063 13.515151023864746094 13.333333015441894531 13.151515007019042969 12.939393997192382813 12.73737335205078125 12.5151519775390625 12.24242401123046875 11.969696998596191406 11.686867713928222656 11.393939018249511719 11.262625694274902344 11.25252532958984375 11.23232269287109375 10.989898681640625 10.74747467041015625 10.585858345031738281 10.4747467041015625 10.373737335205078125 10.161616325378417969 9.8989896774291992188
16.191919326782226563 16.191919326782226563 16.191919326782226563 15.929292678833007813 15.606060028076171875 15.383837699890136719 15.212121009826660156 15.030303001403808594 14.848484039306640625 14.73737335205078125 14.73737335205078125 14.707071304321289063 14.444444656372070313 14.141413688659667969 13.858586311340332031 13.818181991577148438 13.818181991577148438 13.818181991577148438 13.717171669006347656 13.535352706909179688 13.353535652160644531 13.181818008422851563 12.979798316955566406 12.76767730712890625 12.535352706909179688 12.26262664794921875 12 11.74747467041015625 11.444443702697753906 11.393939018249511719 11.383838653564453125 11.23232269287109375 11.020201683044433594 10.777777671813964844 10.606060028076171875 10.4949493408203125 10.393939018249511719 10.202020645141601563 9.9292926788330078125
16.191919326782226563 16.191919326782226563 16.191919326782226563 15.97979736328125 15.666666984558105469 15.4747467041015625 15.313131332397460938 15.131312370300292969 14.929292678833007813 14.767676353454589844 14.767676353454589844 14.707071304321289063 14.454545974731445313 14.151515007019042969 13.909090995788574219 13.858586311340332031 13.858586311340332031 13.848484992980957031 13.757575035095214844 13.545454025268554688 13.363636016845703125 13.202019691467285156 13.010101318359375 12.808080673217773438 12.555555343627929688 12.282828330993652344 12.030303001403808594 11.797980308532714844 11.515151023864746094 11.515151023864746094 11.5050506591796875 11.23232269287109375 11.050504684448242188 10.808080673217773438 10.626262664794921875 10.515151023864746094 10.414141654968261719 10.24242401123046875 9.9696969985961914063
16.191919326782226563 16.191919326782226563 16.191919326782226563 16.040403366088867188 15.717171669006347656 15.565655708312988281 15.414141654968261719 15.23232269287109375 15.010100364685058594 14.808080673217773438 14.808080673217773438 14.696969985961914063 14.4747467041015625 14.171716690063476563 13.959595680236816406 13.888888359069824219 13.888888359069824219 13.888888359069824219 13.797979354858398438 13.565656661987304688 13.383837699890136719 13.222222328186035156 13.050504684448242188 12.838383674621582031 12.575757026672363281 12.313130378723144531 12.080807685852050781 11.858585357666015625 11.646464347839355469 11.636363983154296875 11.626262664794921875 11.23232269287109375 11.070707321166992188 10.828283309936523438 10.646464347839355469 10.535353660583496094 10.434343338012695313 10.282828330993652344 10.010100364685058594
16.191919326782226563 16.191919326782226563 16.191919326782226563 16.090909957885742188 15.787878990173339844 15.656565666198730469 15.515151023864746094 15.333333015441894531 15.101009368896484375 14.848484039306640625 14.848484039306640625 14.696969985961914063 14.4848480224609375 14.181818008422851563 14.020201683044433594 13.929292678833007813 13.929292678833007813 13.929292678833007813 13.848484992980957031 13.575757026672363281 13.393939018249511719 13.24242401123046875 13.080807685852050781 12.878787994384765625 12.595959663391113281 12.333333015441894531 12.131313323974609375 11.909090995788574219 11.767676353454589844 11.75757598876953125 11.656565666198730469 11.23232269287109375 11.090908050537109375 10.858585357666015625 10.676767349243164063 10.555555343627929688 10.454545974731445313 10.323232650756835938 10.050504684448242188
16.191919326782226563 16.191919326782226563 16.191919326782226563 16.141412734985351563 15.878787994384765625 15.74747467041015625 15.616161346435546875 15.434342384338378906 15.181818008422851563 14.919192314147949219 14.888888359069824219 14.696969985961914063 14.4949493408203125 14.202020645141601563 14.070707321166992188 13.969696998596191406 13.969696998596191406 13.969696998596191406 13.888888359069824219 13.606060981750488281 13.414140701293945313 13.262625694274902344 13.121212005615234375 12.898989677429199219 12.626262664794921875 12.353534698486328125 12.181818008422851563 11.959595680236816406 11.888889312744140625 11.888889312744140625 11.656565666198730469 11.23232269287109375 11.090908050537109375 10.888888359069824219 10.707071304321289063 10.575757980346679688 10.464646339416503906 10.343434333801269531 10.101010322570800781
16.23232269287109375 16.191919326782226563 16.191919326782226563 16.191919326782226563 15.969696998596191406 15.838383674621582031 15.707070350646972656 15.525252342224121094 15.262625694274902344 15.010100364685058594 14.898989677429199219 14.696969985961914063 14.4949493408203125 14.23232269287109375 14.121211051940917969 14.010100364685058594 14.010100364685058594 14.010100364685058594 13.939393997192382813 13.656565666198730469 13.434343338012695313 13.292928695678710938 13.161615371704101563 12.919191360473632813 12.646465301513671875 12.383838653564453125 12.23232269287109375 12.020201683044433594 12.020201683044433594 12.010101318359375 11.656565666198730469 11.23232269287109375 11.090908050537109375 10.919192314147949219 10.73737335205078125 10.595958709716796875 10.4848480224609375 10.363636016845703125 10.161616325378417969
16.27272796630859375 16.191919326782226563 16.191919326782226563 16.191919326782226563 16.060606002807617188 15.929292678833007813 15.797979354858398438 15.606060028076171875 15.353534698486328125 15.090908050537109375 14.898989677429199219 14.686868667602539063 14.4848480224609375 14.292928695678710938 14.171716690063476563 14.060606002807617188 14.040403366088867188 14.040403366088867188 13.979798316955566406 13.696969985961914063 13.444444656372070313 13.313131332397460938 13.181818008422851563 12.949494361877441406 12.666666030883789063 12.434343338012695313 12.292928695678710938 12.141414642333984375 12.141414642333984375 12.101009368896484375 11.656565666198730469 11.23232269287109375 11.090908050537109375 10.939393997192382813 10.767676353454589844 10.616161346435546875 10.505049705505371094 10.383837699890136719 10.212121009826660156
16.323232650756835938 16.25252532958984375 16.24242401123046875 16.24242401123046875 16.070707321166992188 15.939393043518066406 15.818181037902832031 15.656565666198730469 15.393939018249511719 15.131312370300292969 14.909090995788574219 14.707071304321289063 14.505049705505371094 14.343434333801269531 14.222222328186035156 14.111110687255859375 14.070707321166992188 14.070707321166992188 13.979798316955566406 13.707070350646972656 13.454545021057128906 13.323231697082519531 13.191919326782226563 12.959595680236816406 12.676767349243164063 12.474747657775878906 12.333333015441894531 12.24242401123046875 12.24242401123046875 12.101009368896484375 11.656565666198730469 11.23232269287109375 11.090908050537109375 10.949495315551757813 10.797979354858398438 10.646464347839355469 10.515151023864746094 10.393939018249511719 10.252524375915527344
