GISData/inundation/Water10.asc
ncols        200
nrows        275
xllcorner    -123.970250000000
yllcorner    45.957939000000
cellsize     0.000372000000
NODATA_value  -9.9999997902147679536e+33
[rows 204 to 220 of 275, columns 39 to 77 of 200]
12.888889312744140625 12.858585357666015625 12.73737335205078125 12.5050506591796875 12.4949493408203125 12.353534698486328125 12.23232269287109375 12.141414642333984375 10.919192314147949219 11.434343338012695313 12.313130378723144531 12.010101318359375 11.717171669006347656 11.383838653564453125 11.212121009826660156 11.121212005615234375 11.030303001403808594 10.818181991577148438 10.71717071533203125 10.656565666198730469 10.72727203369140625 10.72727203369140625 10.4747467041015625 10.262625694274902344 10.151515007019042969 10.626262664794921875 10.23232269287109375 9.5656566619873046875 9.2929286956787109375 9.1414136886596679688 8.8080806732177734375 8.5656557083129882813 8.4141407012939453125 8.1818180084228515625 7.9494948387145996094 7.7171711921691894531 7.6060605049133300781 7.4444441795349121094 7.4141416549682617188
12.717171669006347656 12.525252342224121094 12.404040336608886719 12.272727012634277344 12.282828330993652344 12.131313323974609375 12.010101318359375 12.050504684448242188 10.24242401123046875 10.757575035095214844 12.373737335205078125 12.070706367492675781 11.777777671813964844 11.404040336608886719 11.24242401123046875 11.151515007019042969 10.989898681640625 10.767676353454589844 10.666666984558105469 10.696969985961914063 10.777777671813964844 10.787878990173339844 10.444444656372070313 10.111110687255859375 9.9999990463256835938 10.767676353454589844 10.464646339416503906 9.7979793548583984375 9.1414136886596679688 8.989898681640625 8.6868686676025390625 8.5454540252685546875 8.4040403366088867188 8.1818180084228515625 7.9292926788330078125 7.6565656661987304688 7.5353536605834960938 7.373737335205078125 7.2626261711120605469
12.575757026672363281 12.191918373107910156 12.060605049133300781 12.070706367492675781 12.070706367492675781 11.919192314147949219 11.808079719543457031 11.969696998596191406 9.7070703506469726563 10.090909004211425781 11.767676353454589844 12.141414642333984375 11.818181037902832031 11.434343338012695313 11.282828330993652344 11.171717643737792969 10.959595680236816406 10.71717071533203125 10.656565666198730469 10.73737335205078125 10.828283309936523438 10.808080673217773438 10.404040336608886719 10.010100364685058594 9.989898681640625 10.797979354858398438 10.707071304321289063 10.040403366088867188 9.373737335205078125 8.8383836746215820313 8.6767673492431640625 8.5353527069091796875 8.393939971923828125 8.1818180084228515625 7.9090905189514160156 7.6060605049133300781 7.4747476577758789063 7.2929286956787109375 7.121212005615234375
12.434343338012695313 12.050504684448242188 11.848484039306640625 11.878787994384765625 11.868686676025390625 11.717171669006347656 11.767676353454589844 11.878787994384765625 9.6161623001098632813 9.4141407012939453125 11.090908050537109375 12.202019691467285156 11.828282356262207031 11.4848480224609375 11.323231697082519531 11.191919326782226563 10.919192314147949219 10.666666984558105469 10.696969985961914063 10.787878990173339844 10.868686676025390625 10.767676353454589844 10.373737335205078125 9.9797983169555664063 10.010100364685058594 10.797979354858398438 10.898989677429199219 10.191919326782226563 9.4848489761352539063 8.9191913604736328125 8.6565647125244140625 8.5151519775390625 8.373737335205078125 8.1818180084228515625 7.8888888359069824219 7.5858588218688964844 7.4040403366088867188 7.2222223281860351563 7.0202016830444335938
12.333333015441894531 11.959595680236816406 11.909090995788574219 11.909090995788574219 11.848484039306640625 11.686867713928222656 11.808079719543457031 12.101009368896484375 9.7171716690063476563 8.9595956802368164063 10.676767349243164063 12.161616325378417969 11.777777671813964844 11.454545021057128906 11.303030014038085938 11.141413688659667969 10.868686676025390625 10.626262664794921875 10.676767349243164063 10.757575035095214844 10.828283309936523438 10.767676353454589844 10.383837699890136719 9.9999990463256835938 9.8080806732177734375 10.4747467041015625 10.828283309936523438 10.202020645141601563 9.4949493408203125 9.0909090042114257813 8.7979793548583984375 8.5050506591796875 8.3535356521606445313 8.1717166900634765625 7.878787994384765625 7.5656561851501464844 7.3434343338012695313 7.1414141654968261719 6.9393935203552246094
12.24242401123046875 11.868686676025390625 11.97979736328125 11.969696998596191406 11.878787994384765625 11.72727203369140625 11.888889312744140625 12.070706367492675781 10.111110687255859375 9.131313323974609375 10.848484039306640625 11.969696998596191406 11.585858345031738281 11.262625694274902344 11.121212005615234375 11.070707321166992188 10.787878990173339844 10.575757980346679688 10.545454025268554688 10.595958709716796875 10.666666984558105469 10.646464347839355469 10.414141654968261719 10.030303001403808594 9.8888883590698242188 10.151515007019042969 10.4848480224609375 10.202020645141601563 9.5959596633911132813 9.2626256942749023438 8.9494943618774414063 8.6666660308837890625 8.383838653564453125 8.1717166900634765625 7.8585858345031738281 7.5454540252685546875 7.2626261711120605469 7.0707068443298339844 6.8787875175476074219
12.151515007019042969 11.888889312744140625 12.040404319763183594 12.040404319763183594 11.919192314147949219 11.767676353454589844 11.969696998596191406 11.969696998596191406 10.4949493408203125 9.6060609817504882813 11.020201683044433594 11.777777671813964844 11.414141654968261719 11.080807685852050781 10.929292678833007813 10.919192314147949219 10.71717071533203125 10.525252342224121094 10.505049705505371094 10.464646339416503906 10.505049705505371094 10.4949493408203125 10.343434333801269531 10.050504684448242188 9.9696969985961914063 9.989898681640625 10.151515007019042969 10.080807685852050781 9.7575750350952148438 9.3838376998901367188 9.0202016830444335938 8.7171716690063476563 8.4141407012939453125 8.24242401123046875 7.9494948387145996094 7.6565656661987304688 7.2828283309936523438 6.8686871528625488281 6.9191918373107910156
12.050504684448242188 11.929292678833007813 12.101009368896484375 12.080807685852050781 11.949494361877441406 11.808079719543457031 11.989898681640625 11.878787994384765625 10.888888359069824219 10.222222328186035156 11.181818008422851563 11.575757026672363281 11.24242401123046875 10.898989677429199219 10.757575035095214844 10.777777671813964844 10.636363029479980469 10.4747467041015625 10.454545974731445313 10.434343338012695313 10.383837699890136719 10.343434333801269531 10.191919326782226563 10.050504684448242188 10.010100364685058594 9.989898681640625 9.868686676025390625 9.8282823562622070313 9.6666660308837890625 9.3131313323974609375 8.9393939971923828125 8.626262664794921875 8.3232316970825195313 8.3232316970825195313 8.0707063674926757813 7.7676768302917480469 7.3434343338012695313 6.9191918373107910156 6.4949493408203125
11.959595680236816406 11.969696998596191406 12.141414642333984375 12.121212005615234375 11.989898681640625 11.848484039306640625 11.898989677429199219 11.777777671813964844 11.282828330993652344 10.848484039306640625 11.353534698486328125 11.404040336608886719 11.070707321166992188 10.72727203369140625 10.606060028076171875 10.626262664794921875 10.565656661987304688 10.424242019653320313 10.404040336608886719 10.393939018249511719 10.353534698486328125 10.323232650756835938 10.212121009826660156 10.060606002807617188 9.9191913604736328125 9.8787870407104492188 9.6565656661987304688 9.5757570266723632813 9.4242420196533203125 9.24242401123046875 8.8585863113403320313 8.5454540252685546875 8.393939971923828125 8.393939971923828125 8.1919183731079101563 7.8282828330993652344 7.4040403366088867188 6.9797978401184082031 6.5555553436279296875
11.868686676025390625 12.010101318359375 12.181818008422851563 12.151515007019042969 12.020201683044433594 11.888889312744140625 11.797980308532714844 11.676768302917480469 11.565655708312988281 11.4747467041015625 11.525252342224121094 11.23232269287109375 10.898989677429199219 10.555555343627929688 10.454545974731445313 10.4747467041015625 10.4848480224609375 10.373737335205078125 10.363636016845703125 10.343434333801269531 10.343434333801269531 10.333333015441894531 10.262625694274902344 10.050504684448242188 9.8282823562622070313 9.7171716690063476563 9.4949493408203125 9.3333330154418945313 9.1717166900634765625 8.989898681640625 8.7878780364990234375 8.4646463394165039063 8.4646463394165039063 8.4646463394165039063 8.3030300140380859375 7.878787994384765625 7.4545454978942871094 7.0404038429260253906 6.5454545021057128906
11.858585357666015625 12.020201683044433594 12.191918373107910156 12.070706367492675781 11.929292678833007813 11.797980308532714844 11.74747467041015625 11.636363983154296875 11.5050506591796875 11.4848480224609375 11.4848480224609375 11.212121009826660156 10.838382720947265625 10.454545974731445313 10.373737335205078125 10.343434333801269531 10.353534698486328125 10.373737335205078125 10.4848480224609375 10.525252342224121094 10.454545974731445313 10.383837699890136719 10.313131332397460938 10.040403366088867188 9.7676763534545898438 9.5555553436279296875 9.3434343338012695313 9.131313323974609375 8.9797983169555664063 8.8080806732177734375 8.646465301513671875 8.4242420196533203125 8.393939971923828125 8.4040403366088867188 8.2020196914672851563 7.6666665077209472656 7.1313128471374511719 6.4444446563720703125 5.7272725105285644531
11.848484039306640625 12.020201683044433594 12.111110687255859375 11.939393043518066406 11.808079719543457031 11.73737335205078125 11.717171669006347656 11.606060028076171875 11.434343338012695313 11.414141654968261719 11.414141654968261719 11.272727012634277344 10.888888359069824219 10.515151023864746094 10.383837699890136719 10.606060028076171875 10.565656661987304688 10.343434333801269531 10.525252342224121094 10.444444656372070313 10.353534698486328125 10.313131332397460938 10.23232269287109375 9.9292926788330078125 9.6464643478393554688 9.4848489761352539063 9.2727270126342773438 9.0707063674926757813 8.9292926788330078125 8.9090900421142578125 8.74747467041015625 8.4848480224609375 8.1818180084228515625 8.0101003646850585938 7.6767673492431640625 6.9999995231628417969 6.3333330154418945313 5.6666665077209472656 4.9999995231628417969
11.848484039306640625 12.020201683044433594 11.97979736328125 11.808079719543457031 11.676768302917480469 11.696969032287597656 11.686867713928222656 11.575757026672363281 11.363636016845703125 11.343433380126953125 11.353534698486328125 11.323231697082519531 10.949495315551757813 10.565656661987304688 10.393939018249511719 10.646464347839355469 10.838382720947265625 10.656565666198730469 10.353534698486328125 10.313131332397460938 10.292928695678710938 10.272727012634277344 10.141413688659667969 9.7878780364990234375 9.5050497055053710938 9.4141407012939453125 9.2121210098266601563 9.0202016830444335938 8.868686676025390625 8.868686676025390625 8.8383836746215820313 8.6767673492431640625 8.0909090042114257813 7.9292926788330078125 7.4141416549682617188 6.8282828330993652344 6.24242401123046875 5.6363635063171386719 4.9696969985961914063
11.848484039306640625 12.020201683044433594 11.858585357666015625 11.676768302917480469 11.555555343627929688 11.656565666198730469 11.656565666198730469 11.535353660583496094 11.303030014038085938 11.282828330993652344 11.282828330993652344 11.262625694274902344 11 10.626262664794921875 10.464646339416503906 10.383837699890136719 10.909090995788574219 11 10.505049705505371094 10.272727012634277344 10.252524375915527344 10.23232269287109375 10.040403366088867188 9.6565656661987304688 9.373737335205078125 9.3131313323974609375 9.1414136886596679688 8.9696969985961914063 8.9191913604736328125 8.5050506591796875 8.8080806732177734375 8.7777767181396484375 8.1818180084228515625 7.6868686676025390625 7.1111111640930175781 6.5353531837463378906 5.9595961570739746094 5.373737335205078125 4.7878785133361816406
11.848484039306640625 11.959595680236816406 11.72727203369140625 11.555555343627929688 11.515151023864746094 11.616161346435546875 11.616161346435546875 11.464646339416503906 11.23232269287109375 11.212121009826660156 11.212121009826660156 11.202019691467285156 11.060606002807617188 10.676767349243164063 10.535353660583496094 10.393939018249511719 10.656565666198730469 11.171717643737792969 10.767676353454589844 10.222222328186035156 10.202020645141601563 10.181818008422851563 9.9494953155517578125 9.5454540252685546875 9.24242401123046875 9.1818180084228515625 9.0707063674926757813 8.9292926788330078125 8.9191913604736328125 8.5555553436279296875 8.25252532958984375 8.74747467041015625 8.4040403366088867188 7.7070708274841308594 7.0101008415222167969 6.3131313323974609375 5.6363635063171386719 5.0606060028076171875 4.4848484992980957031
11.858585357666015625 11.828282356262207031 11.595958709716796875 11.424242973327636719 11.4747467041015625 11.575757026672363281 11.585858345031738281 11.393939018249511719 11.161616325378417969 11.141413688659667969 11.151515007019042969 11.131313323974609375 11.111110687255859375 10.74747467041015625 10.606060028076171875 10.464646339416503906 10.393939018249511719 10.909090995788574219 10.858585357666015625 10.4848480224609375 10.161616325378417969 10.141413688659667969 9.8484849929809570313 9.4444446563720703125 9.1010103225708007813 9.0505046844482421875 9.010101318359375 8.878787994384765625 8.868686676025390625 8.616161346435546875 8.1919183731079101563 8.1717166900634765625 8.0808076858520507813 7.4444441795349121094 6.7979798316955566406 6.1515150070190429688 5.5050501823425292969 4.8686871528625488281 4.2222218513488769531
11.858585357666015625 11.707070350646972656 11.4747467041015625 11.333333015441894531 11.434343338012695313 11.535353660583496094 11.555555343627929688 11.333333015441894531 11.101009368896484375 11.080807685852050781 11.080807685852050781 11.070707321166992188 11.040404319763183594 10.818181991577148438 10.676767349243164063 10.191919326782226563 10.272727012634277344 10.646464347839355469 10.656565666198730469 10.535353660583496094 10.202020645141601563 10.090909004211425781 9.7575750350952148438 9.3535356521606445313 8.9696969985961914063 8.9191913604736328125 8.888889312744140625 8.8383836746215820313 8.8282823562622070313 8.5151519775390625 7.7272725105285644531 7.2222223281860351563 7.2828283309936523438 6.74747467041015625 6.1010098457336425781 5.4545454978942871094 4.8080811500549316406 4.1717171669006347656 3.5252525806427001953
