GISData/inundation/Water10.asc
ncols        200
nrows        275
xllcorner    -123.970250000000
yllcorner    45.957939000000
cellsize     0.000372000000
NODATA_value  -9.9999997902147679536e+33
[rows 68 to 84 of 275, columns 39 to 77 of 200]
16.070707321166992188 15.919191360473632813 15.74747467041015625 15.585858345031738281 15.555554389953613281 15.555554389953613281 15.555554389953613281 15.262625694274902344 15.101009368896484375 14.949495315551757813 14.818181991577148438 14.71717071533203125 14.616161346435546875 14.535353660583496094 14.434343338012695313 14.272727012634277344 14.070707321166992188 13.888888359069824219 13.767676353454589844 13.646464347839355469 13.454545021057128906 13.181818008422851563 13.010101318359375 12.797979354858398438 12.606060028076171875 12.373737335205078125 12.050504684448242188 11.808079719543457031 11.767676353454589844 11.636363983154296875 11.444443702697753906 11.444443702697753906 11.535353660583496094 11.434343338012695313 11.070707321166992188 10.909090995788574219 10.848484039306640625 10.585858345031738281 10.373737335205078125
15.969696998596191406 15.828282356262207031 15.666666984558105469 15.4949493408203125 15.454545021057128906 15.454545021057128906 15.454545021057128906 15.24242401123046875 15.080807685852050781 14.929292678833007813 14.777777671813964844 14.676767349243164063 14.585857391357421875 14.505049705505371094 14.404040336608886719 14.222222328186035156 14.020201683044433594 13.838383674621582031 13.717171669006347656 13.595959663391113281 13.404040336608886719 13.121212005615234375 12.919191360473632813 12.707070350646972656 12.4949493408203125 12.26262664794921875 11.939393043518066406 11.686867713928222656 11.676768302917480469 11.545454978942871094 11.404040336608886719 11.393939018249511719 11.383838653564453125 11.272727012634277344 10.989898681640625 10.848484039306640625 10.757575035095214844 10.505049705505371094 10.292928695678710938
15.868686676025390625 15.74747467041015625 15.575757026672363281 15.404040336608886719 15.343433380126953125 15.343433380126953125 15.343433380126953125 15.22222137451171875 15.060606002807617188 14.909090995788574219 14.74747467041015625 14.646464347839355469 14.555555343627929688 14.4646453857421875 14.373736381530761719 14.181818008422851563 13.979798316955566406 13.787878036499023438 13.666666030883789063 13.545454025268554688 13.343434333801269531 13.070706367492675781 12.828282356262207031 12.616161346435546875 12.404040336608886719 12.151515007019042969 11.828282356262207031 11.585858345031738281 11.585858345031738281 11.515151023864746094 11.373737335205078125 11.323231697082519531 11.22222137451171875 11.121212005615234375 10.929292678833007813 10.787878990173339844 10.636363029479980469 10.424242019653320313 10.222222328186035156
15.787878990173339844 15.666666984558105469 15.4949493408203125 15.333333015441894531 15.262625694274902344 15.262625694274902344 15.262625694274902344 15.161616325378417969 15 14.838382720947265625 14.686868667602539063 14.626261711120605469 14.545454025268554688 14.454545974731445313 14.333333015441894531 14.131312370300292969 13.929292678833007813 13.727272987365722656 13.606060981750488281 13.484848976135253906 13.323231697082519531 13.040403366088867188 12.787878036499023438 12.575757026672363281 12.363636016845703125 12.101009368896484375 11.777777671813964844 11.545454978942871094 11.545454978942871094 11.4848480224609375 11.343433380126953125 11.212121009826660156 11.101009368896484375 11 10.868686676025390625 10.72727203369140625 10.565656661987304688 10.353534698486328125 10.141413688659667969
15.767676353454589844 15.606060028076171875 15.434342384338378906 15.272727012634277344 15.23232269287109375 15.23232269287109375 15.23232269287109375 15.030303001403808594 14.878787040710449219 14.71717071533203125 14.575757980346679688 14.636363029479980469 14.555555343627929688 14.4646453857421875 14.272727012634277344 14.070707321166992188 13.868685722351074219 13.676767349243164063 13.555555343627929688 13.434343338012695313 13.323231697082519531 13.040403366088867188 12.787878036499023438 12.575757026672363281 12.363636016845703125 12.101009368896484375 11.777777671813964844 11.545454978942871094 11.545454978942871094 11.464646339416503906 11.323231697082519531 11.191919326782226563 11.090908050537109375 10.97979736328125 10.818181991577148438 10.676767349243164063 10.535353660583496094 10.323232650756835938 10.111110687255859375
15.707070350646972656 15.545454978942871094 15.383837699890136719 15.24242401123046875 15.191919326782226563 15.191919326782226563 15.141413688659667969 14.909090995788574219 14.74747467041015625 14.595958709716796875 14.555555343627929688 14.646464347839355469 14.565656661987304688 14.4747467041015625 14.222222328186035156 14.010100364685058594 13.808080673217773438 13.626261711120605469 13.4949493408203125 13.373737335205078125 13.292928695678710938 13.040403366088867188 12.787878036499023438 12.575757026672363281 12.363636016845703125 12.111110687255859375 11.787878990173339844 11.545454978942871094 11.545454978942871094 11.444443702697753906 11.303030014038085938 11.181818008422851563 11.070707321166992188 10.969696044921875 10.767676353454589844 10.626262664794921875 10.4949493408203125 10.292928695678710938 10.080807685852050781
15.646464347839355469 15.4848480224609375 15.323231697082519531 15.212121009826660156 15.151515007019042969 15.151515007019042969 15.030303001403808594 14.797979354858398438 14.626261711120605469 14.4646453857421875 14.535353660583496094 14.656565666198730469 14.575757980346679688 14.454545974731445313 14.171716690063476563 13.959595680236816406 13.757575035095214844 13.575757026672363281 13.434343338012695313 13.323231697082519531 13.24242401123046875 13.040403366088867188 12.787878036499023438 12.575757026672363281 12.363636016845703125 12.111110687255859375 11.787878990173339844 11.545454978942871094 11.535353660583496094 11.424242973327636719 11.282828330993652344 11.161616325378417969 11.050504684448242188 10.949495315551757813 10.72727203369140625 10.575757980346679688 10.444444656372070313 10.262625694274902344 10.050504684448242188
15.585858345031738281 15.424242973327636719 15.272727012634277344 15.181818008422851563 15.111110687255859375 15.111110687255859375 14.919192314147949219 14.686868667602539063 14.505049705505371094 14.343434333801269531 14.515151023864746094 14.666666984558105469 14.585857391357421875 14.404040336608886719 14.121211051940917969 13.898989677429199219 13.707070350646972656 13.525252342224121094 13.383837699890136719 13.272727012634277344 13.191919326782226563 13.040403366088867188 12.787878036499023438 12.575757026672363281 12.373737335205078125 12.111110687255859375 11.797980308532714844 11.545454978942871094 11.515151023864746094 11.404040336608886719 11.262625694274902344 11.151515007019042969 11.040404319763183594 10.919192314147949219 10.696969985961914063 10.535353660583496094 10.404040336608886719 10.23232269287109375 10.020201683044433594
15.535353660583496094 15.363636016845703125 15.24242401123046875 15.151515007019042969 15.070707321166992188 15.040404319763183594 14.808080673217773438 14.575757980346679688 14.373736381530761719 14.313131332397460938 14.4949493408203125 14.676767349243164063 14.595958709716796875 14.353534698486328125 14.070707321166992188 13.838383674621582031 13.656565666198730469 13.474747657775878906 13.323231697082519531 13.222222328186035156 13.141413688659667969 13.040403366088867188 12.787878036499023438 12.575757026672363281 12.373737335205078125 12.121212005615234375 11.808079719543457031 11.545454978942871094 11.4949493408203125 11.383838653564453125 11.25252532958984375 11.131313323974609375 11.020201683044433594 10.878787994384765625 10.656565666198730469 10.4848480224609375 10.353534698486328125 10.202020645141601563 9.989898681640625
15.4747467041015625 15.303030014038085938 15.212121009826660156 15.121212005615234375 15.030303001403808594 14.929292678833007813 14.696969985961914063 14.4646453857421875 14.252524375915527344 14.292928695678710938 14.4747467041015625 14.646464347839355469 14.575757980346679688 14.292928695678710938 14.020201683044433594 13.787878036499023438 13.606060981750488281 13.424242019653320313 13.262625694274902344 13.171716690063476563 13.090909004211425781 13 12.787878036499023438 12.575757026672363281 12.373737335205078125 12.121212005615234375 11.818181037902832031 11.545454978942871094 11.4747467041015625 11.363636016845703125 11.23232269287109375 11.111110687255859375 11 10.848484039306640625 10.616161346435546875 10.434343338012695313 10.313131332397460938 10.161616325378417969 9.9696969985961914063
15.414141654968261719 15.262625694274902344 15.171717643737792969 15.090908050537109375 15 14.818181991577148438 14.585857391357421875 14.353534698486328125 14.131312370300292969 14.272727012634277344 14.444444656372070313 14.626261711120605469 14.525252342224121094 14.24242401123046875 13.969696998596191406 13.727272987365722656 13.555555343627929688 13.383837699890136719 13.212121009826660156 13.121212005615234375 13.030302047729492188 12.949494361877441406 12.787878036499023438 12.575757026672363281 12.373737335205078125 12.131313323974609375 11.828282356262207031 11.545454978942871094 11.454545021057128906 11.343433380126953125 11.212121009826660156 11.101009368896484375 10.97979736328125 10.808080673217773438 10.585858345031738281 10.383837699890136719 10.262625694274902344 10.131312370300292969 9.9393939971923828125
15.5050506591796875 15.25252532958984375 15.161616325378417969 15.080807685852050781 15.010100364685058594 14.767676353454589844 14.535353660583496094 14.303030014038085938 14.090909004211425781 14.252524375915527344 14.424242019653320313 14.606060028076171875 14.4848480224609375 14.212121009826660156 13.939393997192382813 13.696969985961914063 13.515151023864746094 13.343434333801269531 13.161615371704101563 13.090909004211425781 13.010101318359375 12.919191360473632813 12.787878036499023438 12.585858345031738281 12.373737335205078125 12.141414642333984375 11.838383674621582031 11.545454978942871094 11.424242973327636719 11.313131332397460938 11.202019691467285156 11.080807685852050781 10.969696044921875 10.777777671813964844 10.545454025268554688 10.343434333801269531 10.212121009826660156 10.090909004211425781 9.9191913604736328125
15.616161346435546875 15.25252532958984375 15.161616325378417969 15.080807685852050781 15.050504684448242188 14.787878990173339844 14.555555343627929688 14.313131332397460938 14.141413688659667969 14.23232269287109375 14.414141654968261719 14.595958709716796875 14.4848480224609375 14.202020645141601563 13.929292678833007813 13.686868667602539063 13.515151023864746094 13.333333015441894531 13.171716690063476563 13.131313323974609375 13.050504684448242188 12.959595680236816406 12.797979354858398438 12.595959663391113281 12.393939971923828125 12.212121009826660156 11.909090995788574219 11.656565666198730469 11.555555343627929688 11.414141654968261719 11.181818008422851563 11.070707321166992188 10.949495315551757813 10.777777671813964844 10.545454025268554688 10.343434333801269531 10.212121009826660156 10.090909004211425781 9.9292926788330078125
15.616161346435546875 15.25252532958984375 15.171717643737792969 15.101009368896484375 15.090908050537109375 14.808080673217773438 14.565656661987304688 14.333333015441894531 14.181818008422851563 14.212121009826660156 14.393939018249511719 14.565656661987304688 14.4646453857421875 14.202020645141601563 13.919191360473632813 13.686868667602539063 13.505049705505371094 13.323231697082519531 13.181818008422851563 13.161615371704101563 13.090909004211425781 13.010101318359375 12.838383674621582031 12.606060028076171875 12.404040336608886719 12.26262664794921875 11.97979736328125 11.777777671813964844 11.707070350646972656 11.565655708312988281 11.171717643737792969 11.040404319763183594 10.939393997192382813 10.838382720947265625 10.606060028076171875 10.414141654968261719 10.292928695678710938 10.161616325378417969 9.9999990463256835938
15.626262664794921875 15.25252532958984375 15.171717643737792969 15.151515007019042969 15.121212005615234375 14.838382720947265625 14.575757980346679688 14.343434333801269531 14.23232269287109375 14.23232269287109375 14.373736381530761719 14.505049705505371094 14.404040336608886719 14.191919326782226563 13.919191360473632813 13.686868667602539063 13.4949493408203125 13.323231697082519531 13.191919326782226563 13.161615371704101563 13.131313323974609375 13.050504684448242188 12.868686676025390625 12.626262664794921875 12.414140701293945313 12.292928695678710938 12.040404319763183594 11.888889312744140625 11.858585357666015625 11.717171669006347656 11.262625694274902344 11.020201683044433594 10.939393997192382813 10.888888359069824219 10.666666984558105469 10.4848480224609375 10.363636016845703125 10.23232269287109375 10.070707321166992188
15.626262664794921875 15.25252532958984375 15.202019691467285156 15.202019691467285156 15.151515007019042969 14.878787040710449219 14.595958709716796875 14.353534698486328125 14.282828330993652344 14.272727012634277344 14.353534698486328125 14.444444656372070313 14.343434333801269531 14.181818008422851563 13.919191360473632813 13.696969985961914063 13.4949493408203125 13.323231697082519531 13.202019691467285156 13.161615371704101563 13.161615371704101563 13.090909004211425781 12.898989677429199219 12.636363983154296875 12.434343338012695313 12.313130378723144531 12.111110687255859375 12 12 11.868686676025390625 11.353534698486328125 11 10.939393997192382813 10.939393997192382813 10.71717071533203125 10.565656661987304688 10.434343338012695313 10.292928695678710938 10.141413688659667969
15.626262664794921875 15.25252532958984375 15.25252532958984375 15.24242401123046875 15.191919326782226563 14.909090995788574219 14.626261711120605469 14.363636016845703125 14.323232650756835938 14.323232650756835938 14.333333015441894531 14.383837699890136719 14.282828330993652344 14.181818008422851563 13.919191360473632813 13.696969985961914063 13.484848976135253906 13.333333015441894531 13.202019691467285156 13.161615371704101563 13.161615371704101563 13.131313323974609375 12.929292678833007813 12.656564712524414063 12.464646339416503906 12.343434333801269531 12.181818008422851563 12.121212005615234375 12.121212005615234375 11.969696998596191406 11.444443702697753906 10.97979736328125 10.939393997192382813 10.939393997192382813 10.787878990173339844 10.636363029479980469 10.505049705505371094 10.363636016845703125 10.181818008422851563
