GISData/inundation/Water10.asc
ncols        200
nrows        275
xllcorner    -123.970250000000
yllcorner    45.957939000000
cellsize     0.000372000000
NODATA_value  -9.9999997902147679536e+33
[rows 153 to 169 of 275, columns 78 to 116 of 200]
8.373737335205078125 8.0303030014038085938 7.8080806732177734375 7.5757575035095214844 7.4444441795349121094 7.1818180084228515625 7.0606055259704589844 6.9292931556701660156 6.8585858345031738281 6.8989896774291992188 6.7070703506469726563 6.4444446563720703125 5.9797978401184082031 5.4646463394165039063 5.4343433380126953125 5.24242401123046875 4.9999995231628417969 4 2.8181817531585693359 2.3333332538604736328 1.7676767110824584961 1.0202020406723022461 1.1717171669006347656 1.090909123420715332 1.2020202875137329102 1.090909123420715332 0.84848481416702270508 0.32323232293128967285 0.20202019810676574707 0.20202019810676574707 0.20202019810676574707 0.20202019810676574707 0.20202019810676574707 0.20202019810676574707 0.20202019810676574707 0.20202019810676574707 -9.9999997902147679536e+33 -9.9999997902147679536e+33 -9.9999997902147679536e+33
8.1919183731079101563 7.868686676025390625 7.6666665077209472656 7.4343433380126953125 7.3131308555603027344 6.9797978401184082031 6.8686871528625488281 6.7272725105285644531 6.6060605049133300781 6.6464643478393554688 6.4545450210571289063 6.1919193267822265625 5.73737335205078125 5.121212005615234375 4.5757575035095214844 4.4040403366088867188 4.1919193267822265625 3.1717171669006347656 2.6060605049133300781 2.3535351753234863281 2.0606060028076171875 1.2020202875137329102 1.0606060028076171875 1.3232322931289672852 1.1515151262283325195 1.0101009607315063477 0.79797983169555664063 0.38383838534355163574 0.20202019810676574707 0.20202019810676574707 0.20202019810676574707 0.20202019810676574707 0.20202019810676574707 0.20202019810676574707 0.20202019810676574707 -9.9999997902147679536e+33 -9.9999997902147679536e+33 -9.9999997902147679536e+33 -9.9999997902147679536e+33
8.0101003646850585938 7.7070708274841308594 7.5353536605834960938 7.3030300140380859375 7.1616163253784179688 6.7878785133361816406 6.6666665077209472656 6.5151510238647460938 6.3535351753234863281 6.3939390182495117188 6.2020201683044433594 5.9494948387145996094 5.5050501823425292969 4.8787875175476074219 4.25252532958984375 3.6868686676025390625 3.1818182468414306641 2.6969697475433349609 2.5858585834503173828 2.3636362552642822266 2.0303030014038085938 1.1616160869598388672 1.0808081626892089844 1.1515151262283325195 1.1616160869598388672 0.91919195652008056641 0.69696968793869018555 0.3131313025951385498 0.20202019810676574707 0.20202019810676574707 0.20202019810676574707 0.20202019810676574707 0.20202019810676574707 0.20202019810676574707 -9.9999997902147679536e+33 -9.9999997902147679536e+33 -9.9999997902147679536e+33 -9.9999997902147679536e+33 -9.9999997902147679536e+33
7.8282828330993652344 7.5454540252685546875 7.3939394950866699219 7.1717171669006347656 6.9595956802368164063 6.5858583450317382813 6.4646463394165039063 6.3131313323974609375 6.1515150070190429688 6.1414141654968261719 5.9393939971923828125 5.6969695091247558594 5.2626261711120605469 4.6363635063171386719 4.0101008415222167969 3.3838381767272949219 2.7979798316955566406 2.6767678260803222656 2.6161615848541259766 2.5858585834503173828 1.535353541374206543 1.2525252103805541992 1.1919190883636474609 1.0505050420761108398 1.0606060028076171875 0.92929291725158691406 0.6464646458625793457 -9.9999997902147679536e+33 0.20202019810676574707 0.20202019810676574707 0.20202019810676574707 0.20202019810676574707 0.20202019810676574707 -9.9999997902147679536e+33 -9.9999997902147679536e+33 -9.9999997902147679536e+33 -9.9999997902147679536e+33 -9.9999997902147679536e+33 -9.9999997902147679536e+33
7.6464648246765136719 7.373737335205078125 7.2525248527526855469 7.0404038429260253906 6.7575755119323730469 6.3939390182495117188 6.2626261711120605469 6.1010098457336425781 5.9393939971923828125 5.8888888359069824219 5.6868686676025390625 5.4444441795349121094 5.0303030014038085938 4.4040403366088867188 3.7777776718139648438 3.1515150070190429688 2.6868686676025390625 2.6565656661987304688 2.5959594249725341797 2.0404040813446044922 1.2323232889175415039 1.5252524614334106445 1.1616160869598388672 1.0505050420761108398 1.1212121248245239258 0.89898985624313354492 0.60606062412261962891 -9.9999997902147679536e+33 0.20202019810676574707 0.20202019810676574707 0.20202019810676574707 0.20202019810676574707 0.20202019810676574707 -9.9999997902147679536e+33 -9.9999997902147679536e+33 -9.9999997902147679536e+33 -9.9999997902147679536e+33 -9.9999997902147679536e+33 -9.9999997902147679536e+33
7.4646463394165039063 7.2121210098266601563 7.0909090042114257813 6.9090909957885742188 6.5656566619873046875 6.1919193267822265625 6.0505046844482421875 5.8888888359069824219 5.73737335205078125 5.6464648246765136719 5.4343433380126953125 5.2020201683044433594 4.7878785133361816406 4.1616158485412597656 3.5353534221649169922 3.1010100841522216797 2.7373738288879394531 2.5555555820465087891 2.6969697475433349609 2.3131313323974609375 1.5151515007019042969 1.090909123420715332 1.2020202875137329102 1.3434343338012695313 1.0505050420761108398 0.97979795932769775391 0.54545456171035766602 0.20202019810676574707 0.20202019810676574707 0.20202019810676574707 0.20202019810676574707 0.20202019810676574707 0.20202019810676574707 -9.9999997902147679536e+33 -9.9999997902147679536e+33 -9.9999997902147679536e+33 -9.9999997902147679536e+33 -9.9999997902147679536e+33 -9.9999997902147679536e+33
7.2727270126342773438 7.0505051612854003906 6.9292931556701660156 6.74747467041015625 6.3636364936828613281 5.989898681640625 5.8383841514587402344 5.6868686676025390625 5.5252523422241210938 5.3939394950866699219 5.1919188499450683594 4.9494948387145996094 4.5454545021057128906 3.9191918373107910156 3.5252525806427001953 3.1919193267822265625 2.7676768302917480469 2.5151515007019042969 2.7575757503509521484 2.5959594249725341797 1.7272727489471435547 1.2626262903213500977 1.1010100841522216797 1.0505050420761108398 1.0303030014038085938 0.93939393758773803711 0.47474744915962219238 0.20202019810676574707 0.20202019810676574707 0.20202019810676574707 0.20202019810676574707 0.20202019810676574707 -9.9999997902147679536e+33 -9.9999997902147679536e+33 -9.9999997902147679536e+33 -9.9999997902147679536e+33 -9.9999997902147679536e+33 -9.9999997902147679536e+33 -9.9999997902147679536e+33
7.0909090042114257813 6.9696969985961914063 6.8585858345031738281 6.6060605049133300781 6.1616158485412597656 5.7979793548583984375 5.6363635063171386719 5.4747476577758789063 5.3131313323974609375 5.1616163253784179688 4.9393935203552246094 4.6969695091247558594 4.3232326507568359375 3.9494948387145996094 3.6363635063171386719 3.6262624263763427734 2.9595959186553955078 2.6060605049133300781 2.9191920757293701172 2.7373738288879394531 2.5454545021057128906 1.2626262903213500977 1.2020202875137329102 1.1212121248245239258 1.0404039621353149414 0.94949495792388916016 0.3737373650074005127 0.20202019810676574707 0.20202019810676574707 0.20202019810676574707 0.20202019810676574707 -9.9999997902147679536e+33 -9.9999997902147679536e+33 -9.9999997902147679536e+33 -9.9999997902147679536e+33 -9.9999997902147679536e+33 -9.9999997902147679536e+33 -9.9999997902147679536e+33 -9.9999997902147679536e+33
7.8989896774291992188 7.7979793548583984375 7.6969695091247558594 7.1919188499450683594 6.7171716690063476563 6.4545450210571289063 6.3030300140380859375 6.1010098457336425781 5.8989901542663574219 5.6666665077209472656 5.2828283309936523438 5.0303030014038085938 4.626262664794921875 4.1111111640930175781 3.6767678260803222656 3.6262624263763427734 2.9797980785369873047 2.5858585834503173828 2.4949495792388916016 2.4141414165496826172 2.25252532958984375 1.2222222089767456055 1.2424242496490478516 1.1717171669006347656 1.0606060028076171875 0.79797983169555664063 0.23232322931289672852 0.20202019810676574707 0.20202019810676574707 0.20202019810676574707 0.20202019810676574707 -9.9999997902147679536e+33 -9.9999997902147679536e+33 -9.9999997902147679536e+33 -9.9999997902147679536e+33 -9.9999997902147679536e+33 -9.9999997902147679536e+33 -9.9999997902147679536e+33 -9.9999997902147679536e+33
8.7171716690063476563 8.626262664794921875 8.383838653564453125 7.8080806732177734375 7.3030300140380859375 7.2020201683044433594 7.1010103225708007813 6.9090909957885742188 6.7272725105285644531 6.3434343338012695313 5.8484845161437988281 5.4444441795349121094 4.8282828330993652344 4.2020201683044433594 3.5858585834503173828 3.3131313323974609375 3.0909090042114257813 2.9696969985961914063 2.6060605049133300781 2.5252525806427001953 2.3333332538604736328 1.0505050420761108398 1.0303030014038085938 1.4242423772811889648 0.86868685483932495117 0.55555558204650878906 -9.9999997902147679536e+33 0.20202019810676574707 0.20202019810676574707 0.20202019810676574707 0.20202019810676574707 0.20202019810676574707 -9.9999997902147679536e+33 -9.9999997902147679536e+33 -9.9999997902147679536e+33 -9.9999997902147679536e+33 -9.9999997902147679536e+33 -9.9999997902147679536e+33 -9.9999997902147679536e+33
8.6767673492431640625 8.5656557083129882813 8.393939971923828125 7.8484845161437988281 7.4141416549682617188 7.2727270126342773438 7.121212005615234375 6.7676763534545898438 6.6565656661987304688 6.2727270126342773438 5.8181819915771484375 5.4343433380126953125 4.8585858345031738281 4.2929291725158691406 3.6767678260803222656 3.0707070827484130859 3.0101010799407958984 2.9898989200592041016 2.5858585834503173828 2.8282828330993652344 2.8181817531585693359 1.2929292917251586914 1.0404039621353149414 1.282828211784362793 0.83838379383087158203 0.51515150070190429688 0.20202019810676574707 0.20202019810676574707 0.20202019810676574707 0.20202019810676574707 0.20202019810676574707 0.20202019810676574707 0.20202019810676574707 0.20202019810676574707 -9.9999997902147679536e+33 -9.9999997902147679536e+33 -9.9999997902147679536e+33 -9.9999997902147679536e+33 -9.9999997902147679536e+33
8.23232269287109375 8.111110687255859375 8.0707063674926757813 7.5959596633911132813 7.2121210098266601563 7.0303030014038085938 6.7777776718139648438 6.1818180084228515625 6.0404038429260253906 5.6666665077209472656 5.3131313323974609375 5.2323231697082519531 4.6868686676025390625 4.1111111640930175781 3.5454545021057128906 3.2121212482452392578 3.1515150070190429688 3.1919193267822265625 2.2020201683044433594 2.9393939971923828125 2.5353534221649169922 1.3434343338012695313 1.0808081626892089844 1.2626262903213500977 0.71717166900634765625 0.55555558204650878906 -9.9999997902147679536e+33 0.20202019810676574707 0.20202019810676574707 0.20202019810676574707 0.20202019810676574707 0.20202019810676574707 0.20202019810676574707 0.20202019810676574707 -9.9999997902147679536e+33 -9.9999997902147679536e+33 -9.9999997902147679536e+33 -9.9999997902147679536e+33 -9.9999997902147679536e+33
7.7777771949768066406 7.6464648246765136719 7.616161346435546875 7.3434343338012695313 7.0101008415222167969 6.7777776718139648438 6.4444446563720703125 5.8383841514587402344 5.4242420196533203125 5.0707068443298339844 4.8080811500549316406 4.6868686676025390625 4.5151510238647460938 3.9393939971923828125 3.4646465778350830078 3.6464643478393554688 3.1818182468414306641 2.9191920757293701172 2.2727272510528564453 2.5454545021057128906 2.4343435764312744141 1.0303030014038085938 1.0808081626892089844 1.2323232889175415039 0.90909087657928466797 0.41414141654968261719 0.20202019810676574707 0.20202019810676574707 0.20202019810676574707 0.20202019810676574707 0.20202019810676574707 0.20202019810676574707 0.20202019810676574707 -9.9999997902147679536e+33 -9.9999997902147679536e+33 -9.9999997902147679536e+33 -9.9999997902147679536e+33 -9.9999997902147679536e+33 -9.9999997902147679536e+33
7.3232321739196777344 7.1919188499450683594 7.1717171669006347656 7.0909090042114257813 6.8181815147399902344 6.5454545021057128906 6.1010098457336425781 5.4949493408203125 4.8989896774291992188 4.5656566619873046875 4.3030304908752441406 4.1414141654968261719 4.131313323974609375 3.7676768302917480469 3.8484847545623779297 3.6363635063171386719 3.0606060028076171875 3.1111109256744384766 2.5050504207611083984 1.9191918373107910156 2.0606060028076171875 1.0707069635391235352 1.1212121248245239258 1.4343433380126953125 0.87878787517547607422 0.28282827138900756836 0.20202019810676574707 0.20202019810676574707 0.20202019810676574707 0.20202019810676574707 0.20202019810676574707 0.20202019810676574707 0.20202019810676574707 -9.9999997902147679536e+33 -9.9999997902147679536e+33 -9.9999997902147679536e+33 -9.9999997902147679536e+33 -9.9999997902147679536e+33 -9.9999997902147679536e+33
7.1414141654968261719 6.9898991584777832031 6.9696969985961914063 6.8484849929809570313 6.5858583450317382813 6.3232326507568359375 5.8888888359069824219 5.2828283309936523438 4.6767678260803222656 4.3030304908752441406 4.0404038429260253906 3.7777776718139648438 3.7676768302917480469 3.7373738288879394531 3.6565654277801513672 3.5959594249725341797 3.1616163253784179688 3.0909090042114257813 2.4949495792388916016 1.909090876579284668 1.373737335205078125 1.0303030014038085938 1.717171788215637207 1.3131312131881713867 0.77777773141860961914 -9.9999997902147679536e+33 0.20202019810676574707 0.20202019810676574707 0.20202019810676574707 0.20202019810676574707 0.20202019810676574707 0.20202019810676574707 -9.9999997902147679536e+33 -9.9999997902147679536e+33 -9.9999997902147679536e+33 -9.9999997902147679536e+33 -9.9999997902147679536e+33 -9.9999997902147679536e+33 -9.9999997902147679536e+33
7.0606055259704589844 6.9191918373107910156 6.9191918373107910156 6.6060605049133300781 6.3333330154418945313 6.1111111640930175781 5.7878785133361816406 5.1818180084228515625 4.5757575035095214844 4.2626261711120605469 4 3.7373738288879394531 3.5656564235687255859 3.5656564235687255859 3.5050504207611083984 3.3838381767272949219 3.1919193267822265625 2.6969697475433349609 2.3838381767272949219 1.8181817531585693359 1.2727272510528564453 1.1010100841522216797 1.4545454978942871094 1.1717171669006347656 0.58585858345031738281 -9.9999997902147679536e+33 0.20202019810676574707 0.20202019810676574707 0.20202019810676574707 0.20202019810676574707 0.20202019810676574707 0.20202019810676574707 -9.9999997902147679536e+33 -9.9999997902147679536e+33 -9.9999997902147679536e+33 -9.9999997902147679536e+33 -9.9999997902147679536e+33 -9.9999997902147679536e+33 -9.9999997902147679536e+33
6.9898991584777832031 6.8686871528625488281 6.7979798316955566406 6.3535351753234863281 6.0909090042114257813 5.8989901542663574219 5.6666665077209472656 5.0707068443298339844 4.4747471809387207031 4.2121210098266601563 3.9595959186553955078 3.6969697475433349609 3.4949495792388916016 3.3636362552642822266 3.2727272510528564453 3.2727272510528564453 3.2828283309936523438 2.3636362552642822266 2.2020201683044433594 1.7272727489471435547 1.2525252103805541992 1.8686869144439697266 1.464646458625793457 1.090909123420715332 0.51515150070190429688 -9.9999997902147679536e+33 0.20202019810676574707 0.20202019810676574707 0.20202019810676574707 0.20202019810676574707 0.20202019810676574707 0.20202019810676574707 -9.9999997902147679536e+33 -9.9999997902147679536e+33 -9.9999997902147679536e+33 -9.9999997902147679536e+33 -9.9999997902147679536e+33 -9.9999997902147679536e+33 -9.9999997902147679536e+33
