GISData/inundation/WaterStart.asc
ncols        200
nrows        275
xllcorner    -123.970250000000
yllcorner    45.957939000000
cellsize     0.000372000000
NODATA_value  -9.9999997902147679536e+33
[rows 119 to 135 of 275, columns 39 to 77 of 200]
16.853546142578125 16.644527435302734375 16.644527435302734375 16.644527435302734375 16.259492874145507813 15.786449432373046875 15.566428184509277344 15.456418991088867188 15.335407257080078125 15.324406623840332031 15.324406623840332031 15.324406623840332031 15.324406623840332031 15.324406623840332031 15.324406623840332031 15.324406623840332031 15.1263885498046875 14.664346694946289063 14.213304519653320313 14.070291519165039063 14.202303886413574219 14.312314033508300781 14.048290252685546875 13.784264564514160156 13.564245223999023438 13.421232223510742188 13.267218589782714844 12.893183708190917969 12.552152633666992188 12.398138999938964844 12.222121238708496094 11.93609619140625 11.617066383361816406 11.48505401611328125 11.19902801513671875 10.935003280639648438 11.254032135009765625 11.595064163208007813 11.386045455932617188
16.8645477294921875 16.644527435302734375 16.644527435302734375 16.622526168823242188 16.248493194580078125 15.775447845458984375 15.511424064636230469 15.390412330627441406 15.26940155029296875 15.26940155029296875 15.26940155029296875 15.26940155029296875 15.26940155029296875 15.214396476745605469 15.181393623352050781 15.181393623352050781 15.093385696411132813 14.653345108032226563 14.202303886413574219 14.015286445617675781 14.147298812866210938 14.191302299499511719 13.971282005310058594 13.707258224487304688 13.487238883972167969 13.322222709655761719 13.179209709167480469 12.816176414489746094 12.530150413513183594 12.376135826110839844 12.200119972229003906 11.9250946044921875 11.606065750122070313 11.584063529968261719 11.298037528991699219 11.034012794494628906 11.122020721435546875 11.474053382873535156 11.353041648864746094
16.8865509033203125 16.644527435302734375 16.644527435302734375 16.556520462036132813 16.248493194580078125 15.764447212219238281 15.445418357849121094 15.324406623840332031 15.225398063659667969 15.225398063659667969 15.225398063659667969 15.225398063659667969 15.225398063659667969 15.115386962890625 15.027379035949707031 15.038380622863769531 14.928370475769042969 14.631343841552734375 14.180302619934082031 13.9602813720703125 14.092293739318847656 14.070291519165039063 13.894275665283203125 13.630251884460449219 13.410230636596679688 13.23421478271484375 13.0912017822265625 12.750170707702636719 12.508148193359375 12.35413360595703125 12.167117118835449219 11.914093971252441406 11.595064163208007813 11.584063529968261719 11.397046089172363281 11.122020721435546875 11.001009941101074219 11.342041969299316406 11.243032455444335938
16.908552169799804688 16.644527435302734375 16.644527435302734375 16.490512847900390625 16.237491607666015625 15.764447212219238281 15.412415504455566406 15.26940155029296875 15.181393623352050781 15.181393623352050781 15.181393623352050781 15.181393623352050781 15.181393623352050781 15.016378402709960938 14.884366035461425781 14.884366035461425781 14.763355255126953125 14.609340667724609375 14.158299446105957031 13.905277252197265625 14.037288665771484375 13.949280738830566406 13.81726837158203125 13.553243637084960938 13.344224929809570313 13.146206855773925781 12.992193222045898438 12.67316436767578125 12.486146926879882813 12.343132972717285156 12.145114898681640625 11.903092384338378906 11.595064163208007813 11.584063529968261719 11.496054649353027344 11.221030235290527344 10.968007087707519531 11.210028648376464844 11.144022941589355469
16.930555343627929688 16.644527435302734375 16.611524581909179688 16.42450714111328125 16.226490020751953125 15.775447845458984375 15.4234161376953125 15.203395843505859375 15.1263885498046875 15.1263885498046875 15.1263885498046875 15.1263885498046875 15.082384109497070313 14.917369842529296875 14.752354621887207031 14.741353034973144531 14.609340667724609375 14.444326400756835938 14.136298179626464844 13.850271224975585938 13.916276931762695313 13.828269004821777344 13.740261077880859375 13.487238883972167969 13.278218269348144531 13.069199562072753906 12.904184341430664063 12.596156120300292969 12.453143119812011719 12.321130752563476563 12.112112045288085938 11.881091117858886719 11.584063529968261719 11.584063529968261719 11.584063529968261719 11.320038795471191406 11.0670166015625 11.078016281127929688 11.045014381408691406
16.8865509033203125 16.644527435302734375 16.545518875122070313 16.358501434326171875 16.171483993530273438 15.775447845458984375 15.4234161376953125 15.13739013671875 15.082384109497070313 15.082384109497070313 15.082384109497070313 15.082384109497070313 14.98337554931640625 14.818360328674316406 14.653345108032226563 14.598340988159179688 14.444326400756835938 14.279310226440429688 14.11429595947265625 13.795266151428222656 13.795266151428222656 13.707258224487304688 13.619250297546386719 13.410230636596679688 13.201211929321289063 13.003192901611328125 12.80517578125 12.552152633666992188 12.431141853332519531 12.299129486083984375 12.090109825134277344 11.859087944030761719 11.584063529968261719 11.584063529968261719 11.584063529968261719 11.419048309326171875 11.155024528503417969 10.957005500793457031 10.946004867553710938
16.73253631591796875 16.644527435302734375 16.479511260986328125 16.2924957275390625 16.116479873657226563 15.786449432373046875 15.434416770935058594 15.082384109497070313 15.027379035949707031 15.038380622863769531 15.038380622863769531 15.038380622863769531 14.884366035461425781 14.719351768493652344 14.554335594177246094 14.444326400756835938 14.279310226440429688 14.11429595947265625 13.9602813720703125 13.740261077880859375 13.67425537109375 13.586247444152832031 13.498239517211914063 13.344224929809570313 13.135205268859863281 12.937188148498535156 12.728168487548828125 12.530150413513183594 12.409138679504394531 12.288127899169921875 12.068108558654785156 11.826086044311523438 11.584063529968261719 11.584063529968261719 11.584063529968261719 11.507056236267089844 11.254032135009765625 11.001009941101074219 10.846995353698730469
16.644527435302734375 16.622526168823242188 16.44651031494140625 16.259492874145507813 16.072475433349609375 15.819452285766601563 15.467420578002929688 15.104386329650878906 15.005377769470214844 15.005377769470214844 15.005377769470214844 14.97237396240234375 14.807359695434570313 14.642344474792480469 14.477329254150390625 14.312314033508300781 14.147298812866210938 13.982283592224121094 13.828269004821777344 13.67425537109375 13.586247444152832031 13.509240150451660156 13.421232223510742188 13.300220489501953125 13.102202415466308594 12.904184341430664063 12.695165634155273438 12.585154533386230469 12.453143119812011719 12.310130119323730469 12.046105384826660156 11.804082870483398438 11.573062896728515625 11.562061309814453125 11.562061309814453125 11.540059089660644531 11.287036895751953125 11.023012161254882813 10.791991233825683594
16.644527435302734375 16.578521728515625 16.457509994506835938 16.270494461059570313 16.094478607177734375 15.918461799621582031 15.566428184509277344 15.214396476745605469 15.060381889343261719 15.060381889343261719 15.060381889343261719 15.049382209777832031 14.8293609619140625 14.664346694946289063 14.499331474304199219 14.334315299987792969 14.180302619934082031 14.015286445617675781 13.850271224975585938 13.740261077880859375 13.67425537109375 13.586247444152832031 13.498239517211914063 13.377227783203125 13.190210342407226563 12.981191635131835938 12.783173561096191406 12.882182121276855469 12.750170707702636719 12.431141853332519531 12.046105384826660156 11.804082870483398438 11.573062896728515625 11.507056236267089844 11.507056236267089844 11.48505401611328125 11.232030868530273438 10.968007087707519531 10.802991867065429688
16.633525848388671875 16.534517288208007813 16.479511260986328125 16.2924957275390625 16.105478286743164063 16.028470993041992188 15.676439285278320313 15.324406623840332031 15.115386962890625 15.104386329650878906 15.104386329650878906 15.104386329650878906 14.862364768981933594 14.697348594665527344 14.532334327697753906 14.367319107055664063 14.202303886413574219 14.037288665771484375 13.883274078369140625 13.795266151428222656 13.751262664794921875 13.6632537841796875 13.575245857238769531 13.432232856750488281 13.267218589782714844 13.069199562072753906 12.882182121276855469 13.190210342407226563 13.047197341918945313 12.508148193359375 12.068108558654785156 11.804082870483398438 11.573062896728515625 11.463052749633789063 11.452051162719726563 11.419048309326171875 11.177025794982910156 10.91300201416015625 10.791991233825683594
16.578521728515625 16.479511260986328125 16.479511260986328125 16.314496994018554688 16.13848114013671875 16.13848114013671875 15.786449432373046875 15.434416770935058594 15.214396476745605469 15.159391403198242188 15.159391403198242188 15.159391403198242188 14.939371109008789063 14.719351768493652344 14.554335594177246094 14.389321327209472656 14.224306106567382813 14.059289932250976563 13.916276931762695313 13.850271224975585938 13.828269004821777344 13.751262664794921875 13.630251884460449219 13.487238883972167969 13.355226516723632813 13.157207489013671875 13.135205268859863281 13.487238883972167969 13.322222709655761719 12.585154533386230469 12.156116485595703125 11.804082870483398438 11.573062896728515625 11.463052749633789063 11.408047676086425781 11.353041648864746094 11.111020088195800781 10.868997573852539063 10.736986160278320313
16.534517288208007813 16.43550872802734375 16.43550872802734375 16.325498580932617188 16.193487167358398438 16.193487167358398438 15.885457992553710938 15.544426918029785156 15.324406623840332031 15.214396476745605469 15.214396476745605469 15.214396476745605469 15.060381889343261719 14.741353034973144531 14.576337814331054688 14.41132354736328125 14.246307373046875 14.092293739318847656 13.9602813720703125 13.905277252197265625 13.905277252197265625 13.828269004821777344 13.696256637573242188 13.54224395751953125 13.410230636596679688 13.23421478271484375 13.3882293701171875 13.795266151428222656 13.3882293701171875 12.66216278076171875 12.244124412536621094 11.815084457397460938 11.573062896728515625 11.463052749633789063 11.353041648864746094 11.298037528991699219 11.0560150146484375 10.813992500305175781 10.692981719970703125
16.479511260986328125 16.391504287719726563 16.391504287719726563 16.347499847412109375 16.237491607666015625 16.248493194580078125 15.9954681396484375 15.654436111450195313 15.4234161376953125 15.28040313720703125 15.258400917053222656 15.258400917053222656 15.170392990112304688 14.807359695434570313 14.598340988159179688 14.433324813842773438 14.268310546875 14.136298179626464844 13.993285179138183594 13.9602813720703125 13.9602813720703125 13.905277252197265625 13.751262664794921875 13.608249664306640625 13.465235710144042969 13.322222709655761719 13.652253150939941406 14.092293739318847656 13.454234123229980469 12.750170707702636719 12.321130752563476563 11.892091751098632813 11.573062896728515625 11.452051162719726563 11.342041969299316406 11.232030868530273438 10.990008354187011719 10.747986793518066406 10.637976646423339844
16.43550872802734375 16.336500167846679688 16.336500167846679688 16.336500167846679688 16.2924957275390625 16.2924957275390625 16.105478286743164063 15.764447212219238281 15.533426284790039063 15.379410743713378906 15.313405990600585938 15.313405990600585938 15.28040313720703125 14.917369842529296875 14.620342254638671875 14.455327033996582031 14.290311813354492188 14.158299446105957031 14.015286445617675781 13.993285179138183594 13.993285179138183594 13.927278518676757813 13.762264251708984375 13.608249664306640625 13.476237297058105469 13.333224296569824219 13.773264884948730469 14.224306106567382813 13.487238883972167969 12.838178634643554688 12.409138679504394531 11.980099678039550781 11.573062896728515625 11.452051162719726563 11.342041969299316406 11.19902801513671875 10.957005500793457031 10.714982986450195313 10.604973793029785156
16.380504608154296875 16.2924957275390625 16.2924957275390625 16.2924957275390625 16.259492874145507813 16.248493194580078125 16.061475753784179688 15.698441505432128906 15.478420257568359375 15.302404403686523438 15.225398063659667969 15.225398063659667969 15.203395843505859375 14.8293609619140625 14.598340988159179688 14.433324813842773438 14.180302619934082031 14.037288665771484375 13.894275665283203125 13.894275665283203125 13.894275665283203125 13.828269004821777344 13.6632537841796875 13.52024078369140625 13.3882293701171875 13.24521636962890625 13.586247444152832031 14.004284858703613281 13.377227783203125 12.7941741943359375 12.464144706726074219 12.035104751586914063 11.639068603515625 11.452051162719726563 11.331040382385253906 11.221030235290527344 11.001009941101074219 10.7589874267578125 10.648978233337402344
16.325498580932617188 16.226490020751953125 16.226490020751953125 16.193487167358398438 16.12747955322265625 16.12747955322265625 15.907460212707519531 15.555428504943847656 15.346408843994140625 15.181393623352050781 15.115386962890625 15.115386962890625 15.071383476257324219 14.708350181579589844 14.565337181091308594 14.40032196044921875 14.125296592712402344 13.916276931762695313 13.795266151428222656 13.806267738342285156 13.806267738342285156 13.729259490966796875 13.564245223999023438 13.443234443664550781 13.300220489501953125 13.157207489013671875 13.410230636596679688 13.762264251708984375 13.278218269348144531 12.706166267395019531 12.530150413513183594 12.101110458374023438 11.705075263977050781 11.452051162719726563 11.331040382385253906 11.210028648376464844 11.045014381408691406 10.802991867065429688 10.703982353210449219
16.270494461059570313 16.160482406616210938 16.160482406616210938 16.083477020263671875 16.0064697265625 15.951464653015136719 15.731444358825683594 15.401413917541503906 15.214396476745605469 15.060381889343261719 14.994376182556152344 14.994376182556152344 14.950372695922851563 14.642344474792480469 14.532334327697753906 14.378319740295410156 14.059289932250976563 13.806267738342285156 13.696256637573242188 13.707258224487304688 13.707258224487304688 13.630251884460449219 13.476237297058105469 13.355226516723632813 13.212213516235351563 13.080201148986816406 13.23421478271484375 13.509240150451660156 13.179209709167480469 12.618158340454101563 12.585154533386230469 12.156116485595703125 11.77108001708984375 11.463052749633789063 11.331040382385253906 11.210028648376464844 11.089017868041992188 10.846995353698730469 10.747986793518066406
