GISData/inundation/WaterStart.asc
ncols        200
nrows        275
xllcorner    -123.970250000000
yllcorner    45.957939000000
cellsize     0.000372000000
NODATA_value  -9.9999997902147679536e+33
[rows 85 to 101 of 275, columns 0 to 38 of 200]
21.220949172973632813 20.824911117553710938 20.80290985107421875 20.79190826416015625 20.78090667724609375 20.758907318115234375 20.714900970458984375 20.714900970458984375 20.714900970458984375 20.714900970458984375 20.703901290893554688 20.692899703979492188 20.692899703979492188 20.692899703979492188 20.604890823364257813 20.461879730224609375 20.329866409301757813 20.186853408813476563 20.021839141845703125 19.845823287963867188 19.669805526733398438 19.537794113159179688 19.416782379150390625 19.295772552490234375 19.163759231567382813 18.987743377685546875 18.811727523803710938 18.6467132568359375 18.503698348999023438 18.371686935424804688 18.239673614501953125 18.085660934448242188 17.90964508056640625 17.733629226684570313 17.74462890625 17.90964508056640625 18.085660934448242188 18.041656494140625 17.513607025146484375
21.418966293334960938 21.154941558837890625 21.12194061279296875 21.11093902587890625 21.08893585205078125 21.07793426513671875 20.901918411254882813 20.714900970458984375 20.714900970458984375 20.714900970458984375 20.648897171020507813 20.615892410278320313 20.615892410278320313 20.615892410278320313 20.538885116577148438 20.3958740234375 20.252859115600585938 20.120847702026367188 19.988834381103515625 19.812818527221679688 19.63680267333984375 19.526792526245117188 19.405780792236328125 19.284770965576171875 19.152757644653320313 18.976741790771484375 18.811727523803710938 18.635711669921875 18.503698348999023438 18.371686935424804688 18.239673614501953125 18.085660934448242188 17.90964508056640625 17.74462890625 17.810636520385742188 17.986652374267578125 18.151666641235351563 17.997652053833007813 17.4696044921875
21.627985000610351563 21.484972000122070313 21.440967559814453125 21.429965972900390625 21.407964706420898438 21.39696502685546875 21.07793426513671875 20.714900970458984375 20.714900970458984375 20.714900970458984375 20.637895584106445313 20.538885116577148438 20.538885116577148438 20.538885116577148438 20.461879730224609375 20.318864822387695313 20.175851821899414063 20.0658416748046875 19.944829940795898438 19.7688140869140625 19.603799819946289063 19.515790939331054688 19.405780792236328125 19.284770965576171875 19.152757644653320313 18.976741790771484375 18.800725936889648438 18.6247100830078125 18.492696762084960938 18.360685348510742188 18.239673614501953125 18.085660934448242188 17.90964508056640625 17.821636199951171875 17.87664031982421875 18.0526580810546875 18.151666641235351563 17.953647613525390625 17.425600051879882813
21.859006881713867188 21.81500244140625 21.770999908447265625 21.737995147705078125 21.726995468139648438 21.704992294311523438 21.2539520263671875 20.80290985107421875 20.714900970458984375 20.714900970458984375 20.626893997192382813 20.516881942749023438 20.461879730224609375 20.461879730224609375 20.3848724365234375 20.241857528686523438 20.120847702026367188 20.010837554931640625 19.900827407836914063 19.724811553955078125 19.581796646118164063 19.4937896728515625 19.394779205322265625 19.273769378662109375 19.141756057739257813 18.965740203857421875 18.789724349975585938 18.6247100830078125 18.492696762084960938 18.360685348510742188 18.239673614501953125 18.085660934448242188 17.90964508056640625 17.88764190673828125 17.942646026611328125 18.118661880493164063 18.085660934448242188 17.89864349365234375 17.381595611572265625
22.189037322998046875 22.145032882690429688 22.1010284423828125 22.057024002075195313 22.046024322509765625 21.881008148193359375 21.429965972900390625 20.978925704956054688 20.714900970458984375 20.714900970458984375 20.604890823364257813 20.49488067626953125 20.3848724365234375 20.373870849609375 20.318864822387695313 20.175851821899414063 20.0658416748046875 19.955831527709960938 19.845823287963867188 19.691806793212890625 19.559795379638671875 19.471788406372070313 19.383779525756835938 19.273769378662109375 19.130756378173828125 18.954738616943359375 18.789724349975585938 18.61370849609375 18.481695175170898438 18.360685348510742188 18.239673614501953125 18.074659347534179688 17.964649200439453125 17.964649200439453125 18.008653640747070313 18.18466949462890625 18.0196533203125 17.854639053344726563 17.337591171264648438
22.51906585693359375 22.475063323974609375 22.431058883666992188 22.387056350708007813 22.365053176879882813 22.057024002075195313 21.605983734130859375 21.154941558837890625 20.714900970458984375 20.703901290893554688 20.593889236450195313 20.483880996704101563 20.373870849609375 20.296863555908203125 20.241857528686523438 20.120847702026367188 20.010837554931640625 19.900827407836914063 19.7908172607421875 19.64780426025390625 19.537794113159179688 19.449785232543945313 19.36177825927734375 19.262767791748046875 19.130756378173828125 18.954738616943359375 18.77872467041015625 18.61370849609375 18.481695175170898438 18.360685348510742188 18.228673934936523438 18.074659347534179688 18.041656494140625 18.0306549072265625 18.074659347534179688 18.118661880493164063 17.953647613525390625 17.788633346557617188 17.32659149169921875
22.695081710815429688 22.695081710815429688 22.695081710815429688 22.695081710815429688 22.684083938598632813 22.23303985595703125 21.781999588012695313 21.341958999633789063 20.890916824340820313 20.692899703979492188 20.582887649536132813 20.472879409790039063 20.3628692626953125 20.252859115600585938 20.164850234985351563 20.054840087890625 19.955831527709960938 19.845823287963867188 19.735813140869140625 19.614801406860351563 19.515790939331054688 19.427783966064453125 19.33977508544921875 19.251768112182617188 19.119754791259765625 18.943738937377929688 18.76772308349609375 18.6027069091796875 18.481695175170898438 18.3496856689453125 18.228673934936523438 18.118661880493164063 18.107660293579101563 18.107660293579101563 18.151666641235351563 18.0526580810546875 17.88764190673828125 17.722627639770507813 17.359592437744140625
22.695081710815429688 22.695081710815429688 22.695081710815429688 22.695081710815429688 22.629077911376953125 22.200038909912109375 21.792999267578125 21.38596343994140625 20.978925704956054688 20.692899703979492188 20.582887649536132813 20.472879409790039063 20.3628692626953125 20.252859115600585938 20.120847702026367188 20.021839141845703125 19.911828994750976563 19.801816940307617188 19.702808380126953125 19.614801406860351563 19.526792526245117188 19.438783645629882813 19.35077667236328125 19.251768112182617188 19.108755111694335938 18.932737350463867188 18.75672149658203125 18.591707229614257813 18.470697402954101563 18.3496856689453125 18.228673934936523438 18.173669815063476563 18.18466949462890625 18.18466949462890625 18.151666641235351563 17.986652374267578125 17.821636199951171875 17.667621612548828125 17.381595611572265625
22.695081710815429688 22.695081710815429688 22.695081710815429688 22.695081710815429688 22.56307220458984375 22.1230316162109375 21.715993881225585938 21.297956466674804688 20.890916824340820313 20.714900970458984375 20.6598968505859375 20.549886703491210938 20.439876556396484375 20.329866409301757813 20.164850234985351563 19.999835968017578125 19.900827407836914063 19.7908172607421875 19.680805206298828125 19.614801406860351563 19.592798233032226563 19.4937896728515625 19.405780792236328125 19.31777191162109375 19.119754791259765625 18.9217376708984375 18.745721817016601563 18.591707229614257813 18.459695816040039063 18.33868408203125 18.217672348022460938 17.92064666748046875 17.942646026611328125 17.953647613525390625 17.975650787353515625 17.843637466430664063 17.678623199462890625 17.502607345581054688 17.227581024169921875
22.695081710815429688 22.695081710815429688 22.695081710815429688 22.695081710815429688 22.486064910888671875 22.057024002075195313 21.627985000610351563 21.220949172973632813 20.80290985107421875 20.714900970458984375 20.714900970458984375 20.626893997192382813 20.516881942749023438 20.406871795654296875 20.230855941772460938 20.021839141845703125 19.889825820922851563 19.779815673828125 19.669805526733398438 19.614801406860351563 19.614801406860351563 19.559795379638671875 19.460786819458007813 19.37277984619140625 19.152757644653320313 18.8997344970703125 18.723718643188476563 18.580705642700195313 18.448694229125976563 18.3276824951171875 18.206670761108398438 17.832635879516601563 17.689624786376953125 17.711626052856445313 17.722627639770507813 17.678623199462890625 17.513607025146484375 17.348592758178710938 17.062566757202148438
22.695081710815429688 22.695081710815429688 22.695081710815429688 22.695081710815429688 22.420057296752929688 21.980016708374023438 21.550977706909179688 21.132938385009765625 20.725902557373046875 20.714900970458984375 20.714900970458984375 20.703901290893554688 20.593889236450195313 20.483880996704101563 20.285863876342773438 20.07684326171875 19.878824234008789063 19.7688140869140625 19.65880584716796875 19.614801406860351563 19.614801406860351563 19.614801406860351563 19.526792526245117188 19.438783645629882813 19.185762405395507813 18.888734817504882813 18.712717056274414063 18.569704055786132813 18.448694229125976563 18.316680908203125 18.19567108154296875 17.799634933471679688 17.447601318359375 17.4586029052734375 17.480604171752929688 17.491605758666992188 17.359592437744140625 17.194578170776367188 16.897550582885742188
22.695081710815429688 22.695081710815429688 22.695081710815429688 22.695081710815429688 22.354051589965820313 21.914011001586914063 21.473972320556640625 21.044931411743164063 20.714900970458984375 20.714900970458984375 20.714900970458984375 20.714900970458984375 20.6708984375 20.549886703491210938 20.340867996215820313 20.142848968505859375 19.93383026123046875 19.7578125 19.64780426025390625 19.614801406860351563 19.614801406860351563 19.614801406860351563 19.581796646118164063 19.4937896728515625 19.218763351440429688 18.9217376708984375 18.701717376708984375 18.558704376220703125 18.437692642211914063 18.3056793212890625 18.18466949462890625 17.755628585815429688 17.31558990478515625 17.216579437255859375 17.227581024169921875 17.249584197998046875 17.194578170776367188 17.029561996459960938 16.73253631591796875
22.695081710815429688 22.695081710815429688 22.695081710815429688 22.695081710815429688 22.277044296264648438 21.8480072021484375 21.407964706420898438 20.978925704956054688 20.714900970458984375 20.714900970458984375 20.714900970458984375 20.714900970458984375 20.714900970458984375 20.604890823364257813 20.3958740234375 20.197854995727539063 19.999835968017578125 19.7908172607421875 19.63680267333984375 19.614801406860351563 19.614801406860351563 19.614801406860351563 19.614801406860351563 19.548795700073242188 19.251768112182617188 18.954738616943359375 18.679714202880859375 18.547702789306640625 18.426691055297851563 18.3056793212890625 18.162668228149414063 17.722627639770507813 17.282587051391601563 16.974557876586914063 16.985559463500976563 16.99655914306640625 17.01856231689453125 16.8645477294921875 16.622526168823242188
22.53006744384765625 22.53006744384765625 22.53006744384765625 22.53006744384765625 22.189037322998046875 21.748996734619140625 21.308956146240234375 20.868915557861328125 20.714900970458984375 20.714900970458984375 20.714900970458984375 20.714900970458984375 20.714900970458984375 20.615892410278320313 20.417873382568359375 20.21985626220703125 20.021839141845703125 19.812818527221679688 19.614801406860351563 19.614801406860351563 19.614801406860351563 19.614801406860351563 19.614801406860351563 19.603799819946289063 19.295772552490234375 18.987743377685546875 18.690715789794921875 18.536703109741210938 18.415689468383789063 18.294677734375 18.118661880493164063 17.689624786376953125 17.249584197998046875 16.809543609619140625 16.74353790283203125 16.754537582397460938 16.765539169311523438 16.699533462524414063 16.567522048950195313
22.211040496826171875 22.200038909912109375 22.200038909912109375 22.200038909912109375 22.057024002075195313 21.627985000610351563 21.187944412231445313 20.747905731201171875 20.714900970458984375 20.714900970458984375 20.714900970458984375 20.714900970458984375 20.714900970458984375 20.615892410278320313 20.373870849609375 20.175851821899414063 19.966833114624023438 19.7688140869140625 19.614801406860351563 19.614801406860351563 19.614801406860351563 19.614801406860351563 19.614801406860351563 19.713809967041015625 19.438783645629882813 19.130756378173828125 18.77872467041015625 18.536703109741210938 18.415689468383789063 18.294677734375 18.19567108154296875 17.788633346557617188 17.348592758178710938 16.908552169799804688 16.699533462524414063 16.699533462524414063 16.688531875610351563 16.644527435302734375 16.545518875122070313
21.881008148193359375 21.881008148193359375 21.881008148193359375 21.870006561279296875 21.870006561279296875 21.5069732666015625 21.06693267822265625 20.714900970458984375 20.714900970458984375 20.714900970458984375 20.714900970458984375 20.714900970458984375 20.714900970458984375 20.615892410278320313 20.340867996215820313 20.120847702026367188 19.92282867431640625 19.724811553955078125 19.614801406860351563 19.614801406860351563 19.614801406860351563 19.614801406860351563 19.63680267333984375 19.7908172607421875 19.570796966552734375 19.262767791748046875 18.800725936889648438 18.536703109741210938 18.415689468383789063 18.316680908203125 18.272678375244140625 17.964649200439453125 17.524608612060546875 17.095569610595703125 16.798542022705078125 16.798542022705078125 16.787542343139648438 16.677530288696289063 16.567522048950195313
21.781999588012695313 21.550977706909179688 21.550977706909179688 21.550977706909179688 21.53997802734375 21.37496185302734375 20.945924758911132813 20.714900970458984375 20.714900970458984375 20.714900970458984375 20.714900970458984375 20.714900970458984375 20.714900970458984375 20.626893997192382813 20.35186767578125 20.07684326171875 19.878824234008789063 19.680805206298828125 19.614801406860351563 19.614801406860351563 19.614801406860351563 19.614801406860351563 19.713809967041015625 19.867822647094726563 19.713809967041015625 19.37277984619140625 18.822729110717773438 18.547702789306640625 18.426691055297851563 18.404689788818359375 18.33868408203125 18.151666641235351563 17.711626052856445313 17.293588638305664063 16.952556610107421875 16.897550582885742188 16.8865509033203125 16.71053314208984375 16.578521728515625
